|exam_id|voto_medio|
|-------|----------|
|1      |16,8824   |
|2      |16,4615   |
|3      |20,3333   |
|4      |27        |
|6      |17,5      |
|7      |19,6      |
|8      |6,5       |
|9      |12        |
|11     |17,4324   |
|12     |14,8889   |
|13     |22        |
|16     |18,0526   |
|17     |19        |
|18     |5,5       |
|19     |22        |
|21     |16,6176   |
|22     |15        |
|23     |12,75     |
|24     |12        |
|25     |3         |
|26     |19,1667   |
|27     |24,5      |
|31     |16,9583   |
|32     |17,25     |
|36     |20,1818   |
|37     |22        |
|41     |19,5263   |
|42     |20,6      |
|46     |17,4      |
|47     |16,3333   |
|51     |17,44     |
|52     |18,1667   |
|53     |11        |
|54     |19,3333   |
|56     |17,4545   |
|57     |15,2      |
|58     |9         |
|59     |14        |
|61     |21,6667   |
|66     |17,2      |
|67     |22,25     |
|68     |21        |
|71     |24        |
|72     |14        |
|73     |26        |
|76     |20,5455   |
|77     |22        |
|78     |8         |
|79     |32        |
|81     |15,875    |
|82     |27        |
|86     |20,1538   |
|87     |13        |
|88     |28        |
|91     |12,1111   |
|92     |23,3333   |
|96     |18,38     |
|97     |17,3889   |
|98     |11,3333   |
|99     |20        |
|101    |16,5      |
|102    |19,2      |
|103    |18,8      |
|104    |12,5      |
|106    |17,3889   |
|107    |15        |
|108    |20        |
|111    |16,4681   |
|112    |15,5833   |
|113    |24,5      |
|116    |14,2391   |
|117    |16,9412   |
|118    |19        |
|119    |9         |
|121    |19,5556   |
|122    |19,1667   |
|123    |12,5      |
|126    |19,5      |
|127    |16,7      |
|128    |10,6      |
|129    |24        |
|131    |17,2857   |
|132    |14,9167   |
|133    |14        |
|134    |12        |
|136    |16,6563   |
|137    |11,3636   |
|138    |14,75     |
|139    |4         |
|140    |19        |
|141    |18,8857   |
|142    |14        |
|143    |10        |
|146    |17,5556   |
|147    |12,7778   |
|148    |17        |
|151    |17,871    |
|152    |14,8571   |
|153    |25        |
|156    |17,625    |
|157    |16,7273   |
|158    |19,25     |
|161    |19,3214   |
|162    |18,2857   |
|163    |7         |
|164    |20        |
|166    |16,5      |
|167    |12,6      |
|168    |8         |
|171    |13,4722   |
|172    |17,1667   |
|173    |18        |
|176    |17,8788   |
|177    |17        |
|178    |28,6667   |
|181    |23,5294   |
|186    |19,2222   |
|187    |26,25     |
|191    |20,1579   |
|192    |17,5      |
|193    |19        |
|196    |21,7273   |
|197    |24        |
|201    |19,8      |
|206    |19,4286   |
|207    |9,5       |
|208    |10,5      |
|209    |26,5      |
|211    |14        |
|212    |25        |
|213    |32        |
|216    |19,3158   |
|217    |13,6      |
|218    |21        |
|221    |18,8667   |
|222    |23        |
|223    |26        |
|226    |18,3704   |
|227    |20,4      |
|228    |21,5      |
|229    |4         |
|230    |26        |
|231    |19        |
|232    |16,5      |
|233    |29        |
|236    |16,6923   |
|237    |20,6667   |
|238    |5         |
|239    |10        |
|241    |17,3667   |
|242    |18,8889   |
|243    |22,6667   |
|246    |20,7333   |
|247    |13,25     |
|248    |18        |
|249    |26        |
|251    |12,8485   |
|252    |17,7692   |
|253    |7,6667    |
|254    |8         |
|256    |18        |
|257    |22,625    |
|258    |27,5      |
|261    |18,7931   |
|262    |19,6      |
|266    |17,6364   |
|267    |18,3333   |
|268    |17,5      |
|271    |19,25     |
|272    |22,3333   |
|273    |19        |
|276    |20,8333   |
|277    |21,7143   |
|278    |17,5      |
|281    |15,0435   |
|282    |17,3333   |
|283    |33        |
|286    |13,7143   |
|287    |18,75     |
|288    |16,5      |
|291    |18,5714   |
|292    |6         |
|296    |17,4444   |
|297    |20,3333   |
|301    |21        |
|302    |16,6667   |
|303    |22        |
|306    |16,2      |
|307    |12        |
|308    |13        |
|309    |22        |
|311    |13,4      |
|312    |22        |
|313    |25,5      |
|316    |15,75     |
|317    |22        |
|321    |19,125    |
|322    |13        |
|323    |10        |
|324    |10        |
|325    |22        |
|326    |15,9474   |
|327    |15,5333   |
|328    |21,5      |
|331    |18,1935   |
|332    |18,6      |
|333    |16,5      |
|334    |5         |
|336    |15,2286   |
|337    |19,3846   |
|338    |22,6667   |
|341    |15,2903   |
|342    |17,5556   |
|343    |26,5      |
|346    |17,1      |
|347    |19,4444   |
|348    |19,5      |
|351    |16,4211   |
|352    |25,1667   |
|353    |4         |
|354    |15        |
|356    |17,3333   |
|357    |17,6667   |
|361    |18,7692   |
|362    |23        |
|363    |17        |
|366    |19,15     |
|367    |23,3333   |
|371    |16,6111   |
|372    |13,6667   |
|373    |23        |
|376    |16,75     |
|377    |21        |
|378    |19        |
|379    |6         |
|381    |17,6818   |
|382    |14,4286   |
|383    |23,5      |
|384    |19        |
|386    |18,6897   |
|387    |19        |
|388    |16        |
|389    |15        |
|391    |20,4091   |
|392    |17,3333   |
|393    |16        |
|396    |15,7692   |
|397    |19,8      |
|398    |14        |
|399    |8         |
|400    |13        |
|401    |16,2941   |
|402    |18,4      |
|406    |20,5556   |
|407    |24        |
|411    |21,2      |
|412    |7,3333    |
|413    |18        |
|416    |21,2308   |
|417    |17,25     |
|418    |20        |
|421    |18,4545   |
|422    |18,7143   |
|423    |18        |
|426    |15,5625   |
|427    |17,5455   |
|428    |8         |
|429    |14        |
|431    |18,6061   |
|432    |7,2       |
|433    |22        |
|436    |18,3      |
|437    |11,8571   |
|438    |21        |
|439    |13        |
|441    |21,4643   |
|442    |14,3333   |
|443    |32        |
|446    |20,9032   |
|447    |20,8333   |
|448    |25        |
|451    |16,5926   |
|452    |17        |
|453    |19        |
|456    |20,5758   |
|457    |17,3333   |
|461    |17,7714   |
|462    |14,3636   |
|463    |15,1667   |
|464    |18,3333   |
|466    |20,625    |
|467    |30        |
|471    |19,7368   |
|472    |18,5      |
|473    |23        |
|476    |18,9333   |
|477    |15,4      |
|478    |25,6667   |
|481    |19,6667   |
|482    |21,25     |
|486    |22,0526   |
|487    |20,5      |
|488    |16        |
|489    |22        |
|491    |18,2759   |
|492    |13        |
|493    |31        |
|496    |19,7879   |
|497    |16,8      |
|498    |7         |
|499    |15        |
|500    |31        |
|501    |17        |
|502    |19,8182   |
|503    |24        |
|504    |20        |
|506    |17,3939   |
|507    |15,2857   |
|511    |15,9722   |
|512    |14,3636   |
|513    |16,25     |
|514    |8         |
|515    |33        |
|516    |16,8889   |
|517    |15,4      |
|521    |18,6      |
|522    |14,8      |
|523    |20        |
|526    |15,3529   |
|527    |22        |
|528    |30        |
|531    |17,875    |
|532    |24,25     |
|536    |17,4118   |
|537    |16,8333   |
|541    |17,4583   |
|542    |12,375    |
|543    |16,4      |
|544    |25        |
|546    |17,9167   |
|547    |15,6667   |
|548    |25,5      |
|551    |18,0606   |
|552    |18,6667   |
|553    |28        |
|556    |17,0263   |
|557    |21,6364   |
|558    |26,5      |
|561    |20,4412   |
|562    |11,6667   |
|563    |17        |
|564    |8         |
|566    |18,4103   |
|567    |15,5      |
|568    |14,6667   |
|569    |27        |
|571    |17,125    |
|572    |17,25     |
|573    |11,3333   |
|574    |7         |
|576    |17,3636   |
|577    |23,2      |
|578    |10        |
|579    |32        |
|581    |16,7727   |
|582    |18,7143   |
|586    |17,28     |
|587    |13,4286   |
|588    |24,6667   |
|591    |15,56     |
|592    |12,2      |
|593    |18        |
|594    |9         |
|596    |17,6111   |
|597    |19,3333   |
|598    |6,5       |
|599    |7         |
|600    |4         |
|601    |16,875    |
|602    |19,2222   |
|603    |18,8      |
|606    |16,1667   |
|607    |13,7778   |
|608    |16        |
|611    |15,913    |
|612    |15,6      |
|613    |21,3333   |
|616    |19,2121   |
|617    |22,5      |
|618    |5         |
|619    |25        |
|621    |16,2647   |
|622    |17,3333   |
|623    |15,5      |
|624    |6         |
|626    |19,5122   |
|627    |17,5      |
|628    |14,5      |
|629    |27        |
|631    |19,9524   |
|632    |11,125    |
|633    |20,6      |
|634    |19,5      |
|635    |18        |
|636    |17,6667   |
|637    |18,625    |
|638    |20,5      |
|641    |16,3158   |
|642    |16,9      |
|643    |27,25     |
|646    |15,7778   |
|647    |15,4545   |
|648    |16        |
|649    |20        |
|651    |14,1111   |
|652    |15,3333   |
|653    |5         |
|654    |7         |
|656    |18,3636   |
|657    |16,3333   |
|661    |19,9474   |
|662    |15,5      |
|666    |15,9545   |
|667    |21,875    |
|668    |20        |
|671    |17,3462   |
|672    |20,5      |
|676    |20,88     |
|677    |21,5714   |
|681    |16,5714   |
|682    |19,5      |
|683    |22        |
|686    |14,5217   |
|687    |20,3333   |
|688    |17,5      |
|689    |3         |
|690    |26        |
|691    |15,8158   |
|692    |10,9      |
|693    |16,75     |
|694    |8         |
|696    |19        |
|697    |20,2222   |
|698    |26        |
|701    |18,825    |
|702    |16        |
|703    |17        |
|704    |13        |
|705    |16        |
|706    |18,5116   |
|707    |24,5556   |
|711    |20,641    |
|712    |14,6667   |
|713    |28        |
|716    |18,6563   |
|717    |22,4      |
|718    |3         |
|719    |27        |
|721    |17,2439   |
|722    |20,0833   |
|723    |27        |
|726    |16,3478   |
|727    |15,75     |
|728    |21,5      |
|731    |16,8261   |
|732    |27,6667   |
|736    |16,0909   |
|737    |20,7143   |
|741    |16,7857   |
|742    |16        |
|743    |31        |
|746    |17,037    |
|747    |20,3333   |
|748    |11        |
|749    |21        |
|751    |19,75     |
|752    |21,6      |
|753    |8         |
|756    |17,8387   |
|757    |16,1667   |
|758    |27,5      |
|761    |15,6774   |
|762    |20,2857   |
|763    |21        |
|766    |17,5278   |
|767    |16,2      |
|768    |25,5      |
|771    |15,2      |
|772    |15,2857   |
|773    |8,6667    |
|774    |19,5      |
|776    |17,8889   |
|777    |19,2857   |
|778    |16        |
|781    |18,4063   |
|782    |21,25     |
|783    |25,6667   |
|784    |5         |
|785    |31        |
|786    |16,0606   |
|787    |21        |
|788    |12,5      |
|789    |9         |
|791    |20,1111   |
|792    |12,6667   |
|793    |13        |
|794    |11        |
|795    |23        |
|796    |17,6053   |
|797    |23        |
|798    |15,5      |
|801    |19,1579   |
|802    |17,8      |
|803    |21        |
|806    |17,48     |
|807    |16        |
|808    |7         |
|811    |17        |
|812    |17,4      |
|813    |6         |
|814    |26        |
|816    |17,087    |
|817    |13,5      |
|818    |18,5      |
|821    |19        |
|822    |20,4      |
|823    |8,5       |
|826    |18,35     |
|827    |8,6667    |
|828    |24        |
|829    |4         |
|830    |29        |
|831    |12,2143   |
|832    |13,5      |
|833    |16        |
|836    |19,6667   |
|837    |26,8      |
|841    |20        |
|842    |27        |
|846    |20,0882   |
|847    |20        |
|851    |20,1282   |
|852    |13,8      |
|853    |27        |
|856    |20,9143   |
|857    |20,3333   |
|858    |9         |
|861    |16,9722   |
|862    |21,9      |
|863    |24        |
|866    |21,2424   |
|867    |16,1429   |
|868    |27,25     |
|871    |17,1818   |
|872    |19        |
|873    |11,75     |
|874    |6         |
|875    |30        |
|876    |18,1765   |
|877    |13,5      |
|878    |28        |
|881    |17,0833   |
|882    |16,25     |
|886    |15,6667   |
|887    |17        |
|888    |25        |
|891    |19,9      |
|892    |17        |
|893    |16,5      |
|896    |15,24     |
|897    |15,3      |
|898    |13,2      |
|899    |7         |
|901    |21,8      |
|902    |17,3333   |
|906    |18,6429   |
|907    |8         |
|908    |22        |
|911    |15,5333   |
|912    |21        |
|913    |4         |
|916    |18,8462   |
|917    |27        |
|921    |20,125    |
|922    |22,5      |
|926    |16,0714   |
|927    |16,4      |
|928    |4         |
|931    |19,5238   |
|932    |17        |
|933    |19        |
|936    |17,36     |
|937    |16,8571   |
|941    |19,0357   |
|942    |17,5      |
|943    |17        |
|944    |13        |
|945    |27        |
|946    |19,0714   |
|947    |16,8889   |
|948    |16,3333   |
|949    |26        |
|951    |21,6      |
|952    |16,5      |
|953    |33        |
|956    |19        |
|957    |17,6      |
|958    |20        |
|961    |17,6333   |
|962    |22,8      |
|963    |22        |
|966    |19,303    |
|967    |15,375    |
|968    |27        |
|971    |18,1875   |
|972    |17        |
|973    |11        |
|974    |11        |
|975    |15        |
|976    |20,4      |
|977    |19,3333   |
|981    |16,7619   |
|982    |18,75     |
|983    |33        |
|986    |18,8824   |
|987    |19,3333   |
|988    |21        |
|991    |12,5625   |
|992    |14,3333   |
|993    |19        |
|996    |14,4286   |
|997    |13,7778   |
|998    |18        |
|999    |15        |
|1.000  |10        |
|1.001  |15,6471   |
|1.002  |23,75     |
|1.006  |15,7692   |
|1.007  |12        |
|1.008  |11,5      |
|1.009  |12        |
|1.010  |9         |
|1.011  |23,4167   |
|1.012  |18,5      |
|1.016  |15,5      |
|1.017  |13,3333   |
|1.018  |23        |
|1.021  |17,5      |
|1.022  |18        |
|1.023  |9         |
|1.026  |16,1429   |
|1.027  |23,5      |
|1.031  |15,1      |
|1.032  |16        |
|1.033  |31        |
|1.036  |16,2222   |
|1.037  |18,3333   |
|1.041  |17,3333   |
|1.042  |16,5      |
|1.043  |32        |
|1.046  |17,4167   |
|1.047  |15,1538   |
|1.048  |20,5      |
|1.049  |12,5      |
|1.051  |17,6774   |
|1.052  |16,8889   |
|1.053  |29        |
|1.056  |17,8065   |
|1.057  |18,875    |
|1.058  |3         |
|1.059  |21        |
|1.061  |17,56     |
|1.062  |17,5      |
|1.063  |33        |
|1.066  |21,9091   |
|1.067  |13,5      |
|1.071  |19,6667   |
|1.072  |26,6667   |
|1.076  |15,4545   |
|1.077  |15,75     |
|1.078  |21        |
|1.081  |22,8947   |
|1.082  |17        |
|1.086  |18,5789   |
|1.087  |21,4      |
|1.091  |17,6522   |
|1.092  |16,8      |
|1.093  |22        |
|1.096  |17,6364   |
|1.097  |25,1667   |
|1.101  |19,9565   |
|1.102  |15,8333   |
|1.103  |20,5      |
|1.106  |17        |
|1.107  |20,9      |
|1.108  |13        |
|1.109  |25        |
|1.111  |18,1111   |
|1.112  |16,125    |
|1.113  |12        |
|1.114  |11        |
|1.116  |18,36     |
|1.117  |20,7143   |
|1.118  |13        |
|1.119  |11        |
|1.120  |15        |
|1.121  |20,8235   |
|1.122  |11,6667   |
|1.126  |19,5333   |
|1.127  |14,4      |
|1.128  |14,5      |
|1.129  |28        |
|1.131  |17,25     |
|1.132  |15        |
|1.133  |5         |
|1.136  |20,6111   |
|1.137  |20,8      |
|1.141  |12,6      |
|1.142  |22,5556   |
|1.143  |10,6667   |
|1.144  |16        |
|1.146  |18,8235   |
|1.147  |20        |
|1.148  |9         |
|1.151  |14,05     |
|1.152  |18,5      |
|1.153  |10        |
|1.154  |31        |
|1.156  |20,4444   |
|1.157  |20,5      |
|1.161  |17,5556   |
|1.162  |20,6667   |
|1.163  |26        |
|1.166  |17,8421   |
|1.167  |23,6667   |
|1.171  |19,8333   |
|1.172  |16,25     |
|1.173  |22        |
|1.176  |17        |
|1.177  |17,5      |
|1.178  |13        |
|1.179  |9         |
|1.181  |18,4583   |
|1.182  |20,25     |
|1.186  |14,8462   |
|1.187  |13,5      |
|1.188  |11        |
|1.191  |18,1429   |
|1.192  |18,6667   |
|1.193  |18        |
|1.196  |17,1333   |
|1.197  |22,75     |
|1.198  |28        |
|1.201  |16,5833   |
|1.202  |16        |
|1.206  |14,1818   |
|1.207  |18,25     |
|1.211  |21,6471   |
|1.212  |21,75     |
|1.216  |23,6154   |
|1.217  |20        |
|1.221  |15,6522   |
|1.222  |9,8889    |
|1.223  |23,75     |
|1.226  |16,8      |
|1.227  |14,2857   |
|1.228  |20,6667   |
|1.231  |14,2941   |
|1.232  |17,3333   |
|1.233  |25,6667   |
|1.236  |21,2778   |
|1.237  |19,5      |
|1.241  |23,5      |
|1.246  |16,4286   |
|1.247  |13,6667   |
|1.248  |23,5      |
|1.251  |17,9      |
|1.252  |15,4      |
|1.253  |18        |
|1.256  |16,5      |
|1.257  |28        |
|1.261  |18,5455   |
|1.262  |11,3333   |
|1.263  |15        |
|1.264  |31        |
|1.266  |16        |
|1.267  |14        |
|1.268  |8         |
|1.271  |13,8571   |
|1.272  |13        |
|1.273  |19        |
|1.276  |21,4286   |
|1.277  |19,3333   |
|1.281  |17,5472   |
|1.282  |20,3571   |
|1.283  |25        |
|1.286  |19,5417   |
|1.287  |14,1      |
|1.288  |20,4      |
|1.289  |20        |
|1.291  |18,8039   |
|1.292  |15,6      |
|1.293  |19        |
|1.296  |16,25     |
|1.297  |17,4118   |
|1.298  |15,1667   |
|1.299  |9,6667    |
|1.300  |29        |
|1.301  |15,2653   |
|1.302  |19,3529   |
|1.303  |19,6      |
|1.304  |14        |
|1.306  |18        |
|1.307  |20,3      |
|1.311  |18,3095   |
|1.312  |13,7      |
|1.313  |14        |
|1.314  |13        |
|1.315  |21        |
|1.316  |16,5385   |
|1.317  |22,2222   |
|1.318  |14        |
|1.321  |17,8621   |
|1.322  |13,6      |
|1.323  |15        |
|1.326  |17,871    |
|1.327  |17        |
|1.331  |17,5652   |
|1.332  |17,2857   |
|1.333  |15,6667   |
|1.334  |8         |
|1.336  |16,5667   |
|1.337  |18        |
|1.338  |19        |
|1.341  |15,8621   |
|1.342  |20        |
|1.346  |16,8621   |
|1.347  |18,1429   |
|1.348  |14,3333   |
|1.349  |15        |
|1.351  |15,4667   |
|1.352  |19,6667   |
|1.353  |5         |
|1.354  |8         |
|1.356  |17,8333   |
|1.357  |21,5      |
|1.358  |16        |
|1.361  |20,2857   |
|1.362  |18        |
|1.363  |18        |
|1.366  |20,9333   |
|1.367  |21        |
|1.371  |18,6667   |
|1.372  |11,3333   |
|1.373  |10        |
|1.376  |17,9286   |
|1.377  |16,5      |
|1.378  |21        |
|1.379  |16        |
|1.380  |6         |
|1.381  |18,8125   |
|1.382  |15,5      |
|1.383  |14        |
|1.384  |30        |
|1.386  |15,9394   |
|1.387  |25,1667   |
|1.391  |16,6757   |
|1.392  |20,0909   |
|1.393  |17,5      |
|1.394  |11        |
|1.396  |16,4375   |
|1.397  |17,6      |
|1.398  |23,6667   |
|1.401  |16,9      |
|1.402  |20,75     |
|1.403  |25,3333   |
|1.406  |18,0303   |
|1.407  |22,875    |
|1.408  |28        |
|1.411  |17,1111   |
|1.412  |18,5714   |
|1.413  |11        |
|1.416  |18,4706   |
|1.417  |14        |
|1.418  |9         |
|1.419  |18        |
|1.421  |18,5714   |
|1.422  |14,8      |
|1.423  |28,5      |
|1.426  |18,875    |
|1.427  |16,8571   |
|1.428  |18        |
|1.431  |19,6316   |
|1.432  |22,6      |
|1.433  |16,5      |
|1.434  |13        |
|1.435  |33        |
|1.436  |21,2609   |
|1.437  |19        |
|1.441  |15,4211   |
|1.442  |19,5      |
|1.443  |29        |
|1.446  |17,4762   |
|1.447  |20,6667   |
|1.451  |14,7273   |
|1.452  |15,3333   |
|1.453  |24        |
|1.456  |18,125    |
|1.457  |15,8333   |
|1.458  |12        |
|1.459  |29        |
|1.461  |16,68     |
|1.462  |13,375    |
|1.463  |18,3333   |
|1.466  |17,3571   |
|1.467  |20        |
|1.468  |31        |
|1.471  |22,5      |
|1.472  |16,6667   |
|1.476  |17,2222   |
|1.477  |30        |
|1.481  |17,5833   |
|1.482  |22        |
|1.483  |18        |
|1.486  |11,3      |
|1.487  |14,2      |
|1.488  |31        |
|1.491  |16,4857   |
|1.492  |23        |
|1.493  |8         |
|1.494  |21        |
|1.496  |16,9737   |
|1.497  |17,5833   |
|1.498  |26        |
|1.501  |17,75     |
|1.502  |16,5556   |
|1.503  |18,6667   |
|1.504  |20        |
|1.506  |16,125    |
|1.507  |16        |
|1.511  |21,2222   |
|1.512  |25        |
|1.516  |16,7027   |
|1.517  |19,2      |
|1.521  |21,4857   |
|1.522  |20,6667   |
|1.523  |27        |
|1.526  |17,8378   |
|1.527  |21,7143   |
|1.531  |17,6333   |
|1.532  |17,375    |
|1.533  |20,3333   |
|1.536  |20,6364   |
|1.537  |23,5      |
|1.538  |3         |
|1.539  |27        |
|1.541  |20,0345   |
|1.542  |12,8      |
|1.543  |27,5      |
|1.546  |16,6296   |
|1.547  |15,4286   |
|1.548  |18,5      |
|1.549  |29        |
|1.551  |18,4643   |
|1.552  |17,5      |
|1.553  |26        |
|1.556  |18,6667   |
|1.557  |9         |
|1.558  |27        |
|1.561  |16,3571   |
|1.562  |21,125    |
|1.563  |18        |
|1.566  |16,3478   |
|1.567  |21,2      |
|1.571  |19        |
|1.572  |14,5      |
|1.573  |23        |
|1.576  |19,6471   |
|1.577  |19,4286   |
|1.578  |27        |
|1.581  |18,3023   |
|1.582  |17,25     |
|1.583  |12,5      |
|1.586  |20,3429   |
|1.587  |19,3333   |
|1.588  |21        |
|1.589  |24        |
|1.591  |18,8      |
|1.592  |21        |
|1.596  |19,6486   |
|1.597  |19,4545   |
|1.598  |29        |
|1.601  |16,4242   |
|1.602  |13,9286   |
|1.603  |26,1667   |
|1.606  |18,7949   |
|1.607  |16        |
|1.608  |20,6667   |
|1.609  |13        |
|1.611  |17,5641   |
|1.612  |20,5      |
|1.613  |27,5      |
|1.616  |17,4375   |
|1.617  |18,2222   |
|1.621  |23,0357   |
|1.622  |31        |
|1.626  |19,5625   |
|1.627  |16,6      |
|1.628  |20        |
|1.631  |17,7813   |
|1.632  |14,5      |
|1.633  |8         |
|1.634  |4         |
|1.636  |17,7429   |
|1.637  |15,2857   |
|1.638  |21,75     |
|1.639  |31        |
|1.641  |15,8182   |
|1.642  |18,5385   |
|1.643  |9,75      |
|1.644  |10,5      |
|1.645  |17        |
|1.646  |19,4815   |
|1.647  |15        |
|1.648  |12,5      |
|1.649  |28        |
|1.651  |17,8276   |
|1.652  |16        |
|1.653  |20        |
|1.656  |17,0435   |
|1.657  |19,1667   |
|1.658  |16        |
|1.661  |19,6667   |
|1.662  |15        |
|1.666  |14,8824   |
|1.667  |12        |
|1.668  |17        |
|1.669  |30        |
|1.671  |20,0769   |
|1.672  |10,6667   |
|1.673  |24        |
|1.676  |23,8889   |
|1.681  |14,4706   |
|1.682  |18,8571   |
|1.683  |20        |
|1.684  |13        |
|1.685  |3         |
|1.686  |18,6111   |
|1.687  |20,75     |
|1.688  |25        |
|1.691  |18,125    |
|1.692  |17        |
|1.693  |9         |
|1.694  |20,5      |
|1.696  |19,9167   |
|1.697  |18,875    |
|1.698  |8         |
|1.699  |21,5      |
|1.701  |17        |
|1.702  |20,3333   |
|1.703  |8         |
|1.704  |20        |
|1.706  |16,3784   |
|1.707  |23        |
|1.711  |17,7097   |
|1.712  |15,75     |
|1.713  |15,5      |
|1.714  |31        |
|1.716  |15,9048   |
|1.717  |20        |
|1.718  |25        |
|1.721  |17,2308   |
|1.722  |24,3333   |
|1.726  |17,8276   |
|1.727  |16,8333   |
|1.731  |19,2593   |
|1.732  |18,375    |
|1.736  |19,84     |
|1.737  |6,8       |
|1.738  |28        |
|1.741  |19,2273   |
|1.742  |13,6      |
|1.743  |27        |
|1.746  |18,16     |
|1.747  |18,6667   |
|1.748  |16        |
|1.751  |18        |
|1.752  |19,875    |
|1.753  |12,6667   |
|1.754  |6         |
|1.755  |23        |
|1.756  |21        |
|1.757  |13        |
|1.758  |18        |
|1.761  |13,25     |
|1.762  |16        |
|1.763  |33        |
|1.766  |14,8889   |
|1.767  |16        |
|1.768  |14        |
|1.769  |25        |
|1.771  |19,0769   |
|1.772  |17        |
|1.776  |20,125    |
|1.777  |15,6667   |
|1.778  |20        |
|1.781  |17,4444   |
|1.782  |12        |
|1.786  |17,8333   |
|1.787  |24        |
|1.791  |15,5926   |
|1.792  |26        |
|1.793  |10        |
|1.794  |7         |
|1.796  |14,8065   |
|1.797  |16,8889   |
|1.798  |13        |
|1.801  |19,5588   |
|1.802  |14,1      |
|1.803  |11,5      |
|1.804  |20,5      |
|1.806  |18        |
|1.807  |14,2727   |
|1.808  |15        |
|1.809  |25,5      |
|1.811  |16,5135   |
|1.812  |18        |
|1.816  |18,05     |
|1.817  |20,6667   |
|1.818  |4         |
|1.819  |10        |
|1.821  |16,4667   |
|1.822  |16,1429   |
|1.823  |17,6667   |
|1.826  |15,8824   |
|1.827  |12,4167   |
|1.828  |20,4      |
|1.831  |17,9      |
|1.832  |19,5      |
|1.833  |8         |
|1.836  |18,4      |
|1.837  |16,5714   |
|1.838  |18        |
|1.841  |17,75     |
|1.842  |10,5      |
|1.843  |6         |
|1.844  |17        |
|1.846  |16,5185   |
|1.847  |15,5      |
|1.848  |22        |
|1.849  |21        |
|1.851  |19,1905   |
|1.852  |19        |
|1.853  |31        |
|1.856  |15,8      |
|1.857  |18,25     |
|1.858  |23        |
|1.861  |20,3077   |
|1.862  |17,3333   |
|1.866  |20,3636   |
|1.867  |20,5      |
|1.868  |30        |
|1.871  |16,0909   |
|1.872  |13        |
|1.873  |7         |
|1.876  |19,0714   |
|1.877  |24,25     |
|1.881  |16,6667   |
|1.882  |8         |
|1.883  |24        |
|1.886  |18        |
|1.887  |8,2       |
|1.888  |14,5      |
|1.891  |14,9756   |
|1.892  |22        |
|1.893  |16        |
|1.894  |31        |
|1.896  |19,6129   |
|1.897  |13,75     |
|1.898  |17        |
|1.899  |23        |
|1.901  |19,5714   |
|1.902  |12,7143   |
|1.903  |13        |
|1.906  |15,6765   |
|1.907  |19        |
|1.908  |3         |
|1.911  |18,2      |
|1.912  |13,6      |
|1.913  |22        |
|1.916  |20,5313   |
|1.917  |19,1429   |
|1.918  |5         |
|1.921  |17,9      |
|1.922  |14,7143   |
|1.923  |18,8      |
|1.926  |18,125    |
|1.927  |17,25     |
|1.928  |17,5      |
|1.931  |18,913    |
|1.932  |17,25     |
|1.936  |21,2105   |
|1.937  |18,5      |
|1.938  |11        |
|1.939  |15        |
|1.940  |25        |
|1.941  |18,08     |
|1.942  |20        |
|1.946  |18,7308   |
|1.947  |18        |
|1.948  |16        |
|1.951  |20,7368   |
|1.952  |17,8      |
|1.953  |12        |
|1.954  |9         |
|1.955  |30        |
|1.956  |19,3333   |
|1.957  |12        |
|1.961  |21        |
|1.962  |23        |
|1.966  |14,3333   |
|1.967  |15        |
|1.968  |16,5      |
|1.969  |28        |
|1.971  |18,4167   |
|1.972  |11,5      |
|1.973  |25        |
|1.976  |18,1538   |
|1.977  |11,3333   |
|1.978  |23        |
|1.981  |16,2143   |
|1.982  |17,1429   |
|1.983  |10,75     |
|1.984  |15,6667   |
|1.985  |15        |
|1.986  |11,6667   |
|1.987  |17        |
|1.988  |17,6667   |
|1.989  |19,5      |
|1.990  |32        |
|1.991  |19,4545   |
|1.992  |22,25     |
|1.996  |18        |
|1.997  |12,25     |
|1.998  |28        |
|2.001  |17,1739   |
|2.002  |20        |
|2.003  |28        |
|2.006  |21,52     |
|2.007  |11,6      |
|2.008  |15,6667   |
|2.011  |16,6552   |
|2.012  |15,5      |
|2.013  |15,5      |
|2.016  |15,3333   |
|2.017  |14,8      |
|2.018  |8         |
|2.019  |19        |
|2.021  |16,6897   |
|2.022  |18,25     |
|2.023  |21        |
|2.026  |21,1852   |
|2.027  |22,75     |
|2.031  |17,0526   |
|2.032  |19,7143   |
|2.033  |27        |
|2.036  |18,2353   |
|2.037  |21,3333   |
|2.041  |17,6667   |
|2.042  |22,75     |
|2.046  |18,3846   |
|2.047  |14,25     |
|2.048  |33        |
|2.051  |19,6      |
|2.052  |15,3333   |
|2.053  |18,75     |
|2.054  |24,5      |
|2.056  |15,0588   |
|2.057  |17,3636   |
|2.058  |7         |
|2.061  |18,4286   |
|2.062  |13,5      |
|2.063  |17        |
|2.064  |18        |
|2.066  |19,7407   |
|2.067  |18,75     |
|2.068  |15,5      |
|2.069  |21        |
|2.071  |16,9412   |
|2.072  |20        |
|2.073  |26        |
|2.076  |15,9512   |
|2.077  |18,2308   |
|2.078  |16,6      |
|2.079  |8         |
|2.080  |33        |
|2.081  |17,7391   |
|2.082  |19        |
|2.083  |17        |
|2.086  |14,5185   |
|2.087  |17,8      |
|2.088  |11        |
|2.091  |15,9333   |
|2.092  |17,75     |
|2.096  |17,7778   |
|2.097  |16,6667   |
|2.098  |10,4      |
|2.099  |18        |
|2.100  |25        |
|2.101  |14,625    |
|2.102  |19,5      |
|2.103  |9         |
|2.106  |19,2      |
|2.107  |14,5      |
|2.108  |13        |
|2.109  |4         |
|2.110  |16        |
|2.111  |16,5789   |
|2.112  |18        |
|2.113  |18,5      |
|2.114  |5         |
|2.115  |7         |
|2.116  |19,6364   |
|2.117  |16,25     |
|2.118  |20,5      |
|2.119  |30        |
|2.121  |17,7647   |
|2.122  |14,6      |
|2.123  |15        |
|2.126  |12,3684   |
|2.127  |20,2857   |
|2.128  |21        |
|2.129  |24        |
|2.131  |16,76     |
|2.132  |13,1      |
|2.133  |13,25     |
|2.134  |21        |
|2.136  |16,5946   |
|2.137  |19,6364   |
|2.138  |19,2      |
|2.139  |22        |
|2.141  |17,7027   |
|2.142  |17,75     |
|2.143  |24        |
|2.146  |17,5405   |
|2.147  |18        |
|2.148  |15,75     |
|2.149  |9         |
|2.151  |17,3143   |
|2.152  |21,2857   |
|2.156  |19,3256   |
|2.157  |18,6667   |
|2.158  |25        |
|2.161  |18,4848   |
|2.162  |20,7143   |
|2.163  |32        |
|2.166  |22,1923   |
|2.167  |7         |
|2.168  |17        |
|2.169  |6         |
|2.170  |11        |
|2.171  |16,8462   |
|2.172  |17,5      |
|2.173  |15,3333   |
|2.174  |11,5      |
|2.175  |31        |
|2.176  |18,2609   |
|2.177  |12,4      |
|2.178  |18,5      |
|2.179  |16        |
|2.181  |17,0714   |
|2.182  |15        |
|2.183  |13,3333   |
|2.186  |18,36     |
|2.187  |17,2857   |
|2.188  |13,5      |
|2.189  |10        |
|2.191  |17,8148   |
|2.192  |16,5      |
|2.193  |24        |
|2.196  |17,5333   |
|2.197  |17,7143   |
|2.198  |25        |
|2.201  |16,64     |
|2.202  |13,75     |
|2.203  |14        |
|2.206  |17,9643   |
|2.207  |13,875    |
|2.208  |18,5      |
|2.209  |6         |
|2.210  |28        |
|2.211  |17,5909   |
|2.212  |24,75     |
|2.216  |18,0417   |
|2.217  |14,4286   |
|2.218  |29        |
|2.221  |20        |
|2.222  |18,7143   |
|2.226  |15,3333   |
|2.227  |15,625    |
|2.228  |10,6667   |
|2.229  |30        |
|2.231  |18,7813   |
|2.232  |19,6      |
|2.233  |27        |
|2.236  |18,4211   |
|2.237  |17,25     |
|2.238  |11        |
|2.239  |8         |
|2.240  |27        |
|2.241  |19,8889   |
|2.242  |13,5      |
|2.243  |23        |
|2.246  |16,375    |
|2.247  |22,4      |
|2.251  |17,3889   |
|2.252  |22,2      |
|2.256  |16,6111   |
|2.257  |12,6667   |
|2.258  |12        |
|2.259  |30        |
|2.261  |17,7647   |
|2.262  |10,6667   |
|2.263  |16        |
|2.266  |20,0455   |
|2.267  |8,25      |
|2.268  |25        |
|2.271  |22,4643   |
|2.272  |16,6667   |
|2.273  |14        |
|2.276  |20,8571   |
|2.277  |12        |
|2.278  |12,5      |
|2.279  |18,5      |
|2.280  |5         |
|2.281  |18,1765   |
|2.282  |20,4545   |
|2.283  |17,3333   |
|2.284  |20        |
|2.285  |32        |
|2.286  |15,2632   |
|2.287  |25,8      |
|2.291  |21,1613   |
|2.292  |23        |
|2.296  |18,5      |
|2.297  |14        |
|2.301  |16,3889   |
|2.302  |23,8      |
|2.306  |17,3636   |
|2.307  |23,5      |
|2.311  |17,4737   |
|2.312  |21,1667   |
|2.313  |29        |
|2.316  |19,3043   |
|2.317  |9,4       |
|2.318  |19,6667   |
|2.321  |16,0556   |
|2.322  |16,3333   |
|2.323  |22        |
|2.326  |18,4412   |
|2.327  |21,0714   |
|2.328  |24,5      |
|2.331  |17,5926   |
|2.332  |23,25     |
|2.336  |19,1111   |
|2.337  |15,2857   |
|2.338  |17        |
|2.339  |27,5      |
|2.341  |19,9524   |
|2.342  |15,3333   |
|2.346  |18,0833   |
|2.347  |14,25     |
|2.348  |20        |
|2.351  |20,8125   |
|2.352  |17        |
|2.353  |28        |
|2.356  |16,6111   |
|2.357  |19        |
|2.361  |20,0714   |
|2.362  |13        |
|2.363  |18        |
|2.366  |19,4      |
|2.367  |15        |
|2.371  |16,7273   |
|2.372  |18        |
|2.373  |15,5      |
|2.376  |20,6429   |
|2.377  |25,3333   |
|2.381  |16,85     |
|2.382  |19        |
|2.383  |26        |
|2.386  |16,7368   |
|2.387  |13        |
|2.388  |18        |
|2.391  |23,4286   |
|2.396  |18,5455   |
|2.397  |21,5      |
|2.398  |4         |
|2.399  |16        |
|2.400  |17        |
|2.401  |17,75     |
|2.402  |15,3333   |
|2.403  |25        |
|2.406  |15,625    |
|2.407  |24        |
|2.411  |19,9231   |
|2.412  |6         |
|2.416  |22,6667   |
|2.421  |17,125    |
|2.422  |23,3333   |
|2.423  |24        |
|2.426  |17,1786   |
|2.427  |13,4      |
|2.428  |18,4      |
|2.429  |23        |
|2.431  |19,5      |
|2.432  |19,125    |
|2.433  |33        |
|2.436  |18,0667   |
|2.437  |19,75     |
|2.438  |15        |
|2.439  |17        |
|2.441  |17,9667   |
|2.442  |19        |
|2.443  |15        |
|2.444  |19        |
|2.446  |17        |
|2.447  |19,2727   |
|2.448  |18        |
|2.451  |21,4783   |
|2.452  |17        |
|2.456  |19,7059   |
|2.457  |21,3333   |
|2.461  |16,9048   |
|2.462  |12,6667   |
|2.466  |21,2632   |
|2.467  |23,5      |
|2.471  |21,1667   |
|2.472  |20,3333   |
|2.476  |17,1053   |
|2.477  |13,8      |
|2.478  |8         |
|2.481  |19,1818   |
|2.482  |18,6667   |
|2.483  |11        |
|2.484  |28        |
|2.486  |22,1667   |
|2.487  |16,3333   |
|2.488  |27        |
|2.491  |19,4783   |
|2.492  |24        |
|2.496  |19,1818   |
|2.497  |11        |
|2.498  |10        |
|2.499  |14        |
|2.500  |11        |
|2.501  |17,1      |
|2.502  |23,5      |
|2.506  |17,6667   |
|2.507  |17        |
|2.511  |20        |
|2.512  |23,25     |
|2.516  |16,7      |
|2.517  |16,6667   |
|2.518  |25        |
|2.519  |8         |
|2.520  |13        |
|2.521  |16,3      |
|2.522  |8,5       |
|2.523  |23        |
|2.526  |20,3846   |
|2.527  |24        |
|2.531  |16,6667   |
|2.532  |12,6667   |
|2.533  |12        |
|2.534  |19        |
|2.536  |17,4063   |
|2.537  |15        |
|2.538  |15        |
|2.541  |17,4412   |
|2.542  |18,8889   |
|2.543  |16        |
|2.546  |17,5556   |
|2.547  |12,6667   |
|2.548  |13,5      |
|2.551  |17,3333   |
|2.552  |21,2857   |
|2.553  |26,5      |
|2.556  |17,5161   |
|2.557  |18,4545   |
|2.558  |3         |
|2.559  |24        |
|2.561  |14,8947   |
|2.562  |19,25     |
|2.563  |18        |
|2.566  |16,6957   |
|2.567  |17,5      |
|2.568  |10,5      |
|2.569  |25,5      |
|2.571  |19,3913   |
|2.572  |25,6      |
|2.573  |18        |
|2.576  |20,7647   |
|2.577  |26,5      |
|2.581  |18,4583   |
|2.582  |23,125    |
|2.586  |17,6522   |
|2.587  |20,7143   |
|2.588  |29        |
|2.591  |17,8649   |
|2.592  |19,1429   |
|2.593  |19        |
|2.596  |19,1316   |
|2.597  |20,375    |
|2.598  |6         |
|2.601  |19,8974   |
|2.602  |16,3333   |
|2.603  |9         |
|2.604  |25        |
|2.606  |18,4103   |
|2.607  |20,625    |
|2.608  |15        |
|2.609  |27        |
|2.611  |17,825    |
|2.612  |17,8462   |
|2.613  |15        |
|2.616  |21,4242   |
|2.617  |16,125    |
|2.618  |14,5      |
|2.621  |15,8824   |
|2.622  |16,6364   |
|2.623  |25        |
|2.626  |19,1176   |
|2.627  |11,5      |
|2.628  |26        |
|2.631  |22        |
|2.632  |19,2      |
|2.633  |15        |
|2.634  |11        |
|2.636  |18,5217   |
|2.637  |16        |
|2.641  |16,0833   |
|2.642  |20,1429   |
|2.643  |14        |
|2.646  |18,7619   |
|2.647  |20,2      |
|2.651  |19,9167   |
|2.652  |16,75     |
|2.653  |16,5      |
|2.656  |18,4091   |
|2.657  |18,6667   |
|2.658  |23        |
|2.661  |16,6667   |
|2.662  |28,6667   |
|2.666  |19,5      |
|2.667  |17,7143   |
|2.668  |14        |
|2.671  |17,4167   |
|2.672  |21,2857   |
|2.673  |30        |
|2.676  |16,5263   |
|2.677  |21,4545   |
|2.678  |18        |
|2.681  |17,6552   |
|2.682  |17,2      |
|2.683  |7         |
|2.684  |29        |
|2.686  |18,8611   |
|2.687  |19,5      |
|2.688  |19        |
|2.691  |16,7576   |
|2.692  |20,4444   |
|2.693  |16        |
|2.694  |14        |
|2.695  |25        |
|2.696  |18,2581   |
|2.697  |15,6      |
|2.701  |20,1143   |
|2.702  |21        |
|2.703  |20        |
|2.706  |20,129    |
|2.707  |18        |
|2.708  |27,5      |
|2.711  |20        |
|2.712  |23,1667   |
|2.716  |22,5625   |
|2.717  |20        |
|2.721  |18,1905   |
|2.722  |18        |
|2.723  |27,5      |
|2.726  |16,75     |
|2.727  |19,8333   |
|2.728  |22        |
|2.731  |19,6667   |
|2.732  |20,8333   |
|2.733  |15        |
|2.734  |29        |
|2.736  |18,7727   |
|2.737  |16,5      |
|2.738  |21        |
|2.741  |17,4      |
|2.742  |16        |
|2.743  |23,5      |
|2.746  |20,5789   |
|2.747  |22,75     |
|2.751  |15        |
|2.752  |20,1667   |
|2.756  |17,0769   |
|2.757  |21        |
|2.758  |10        |
|2.761  |21,0833   |
|2.762  |16        |
|2.763  |10        |
|2.764  |26        |
|2.766  |20,8      |
|2.767  |11,5      |
|2.768  |7         |
|2.769  |12        |
|2.771  |18,5882   |
|2.772  |17,2      |
|2.773  |23,6667   |
|2.774  |26        |
|2.776  |18,5833   |
|2.777  |20,5      |
|2.778  |33        |
|2.781  |14,4286   |
|2.782  |10        |
|2.783  |18        |
|2.786  |14,3636   |
|2.787  |12        |
|2.788  |8         |
|2.789  |18        |
|2.791  |17,2143   |
|2.792  |10,75     |
|2.793  |10,75     |
|2.794  |22,5      |
|2.796  |18,4857   |
|2.797  |21,4545   |
|2.798  |25        |
|2.801  |16,9063   |
|2.802  |17,6      |
|2.806  |16,4643   |
|2.807  |18,8      |
|2.808  |19        |
|2.809  |15        |
|2.811  |19,0313   |
|2.812  |18,3333   |
|2.813  |17,3333   |
|2.814  |11        |
|2.815  |14        |
|2.816  |20,0526   |
|2.817  |3         |
|2.821  |21,6111   |
|2.822  |21        |
|2.823  |26        |
|2.826  |17,6      |
|2.827  |19,25     |
|2.831  |16,125    |
|2.832  |23,5714   |
|2.836  |15,2222   |
|2.837  |24,4286   |
|2.838  |24        |
|2.841  |15,7857   |
|2.842  |23,7143   |
|2.846  |16,2308   |
|2.847  |21,5      |
|2.848  |27        |
|2.851  |17,8667   |
|2.852  |16        |
|2.856  |21,9231   |
|2.861  |20,2727   |
|2.862  |24        |
|2.866  |17,5      |
|2.871  |17,4167   |
|2.872  |17        |
|2.876  |18        |
|2.877  |17,6667   |
|2.878  |22        |
|2.881  |19,5758   |
|2.882  |11,6667   |
|2.883  |15,5      |
|2.884  |24        |
|2.886  |19,8125   |
|2.887  |15,1667   |
|2.891  |19,7241   |
|2.892  |13,3333   |
|2.893  |13,5      |
|2.894  |26        |
|2.896  |20,1852   |
|2.897  |20,6667   |
|2.898  |6         |
|2.901  |17,973    |
|2.902  |12,5      |
|2.903  |10,5      |
|2.904  |20        |
|2.906  |18,75     |
|2.907  |18,1667   |
|2.908  |13        |
|2.911  |17,2143   |
|2.912  |21,8      |
|2.916  |15,2857   |
|2.917  |13,3      |
|2.918  |20        |
|2.921  |19,1034   |
|2.922  |20,1667   |
|2.926  |23,1176   |
|2.927  |27        |
|2.931  |17        |
|2.932  |28        |
|2.936  |11,125    |
|2.937  |19,6667   |
|2.941  |20,1818   |
|2.942  |20        |
|2.943  |7         |
|2.944  |33        |
|2.946  |18,7619   |
|2.947  |18,6667   |
|2.948  |19        |
|2.951  |20,2857   |
|2.952  |18,8      |
|2.953  |8         |
|2.954  |11        |
|2.955  |30        |
|2.956  |19,8571   |
|2.957  |16        |
|2.961  |15,7692   |
|2.962  |15,4      |
|2.963  |11        |
|2.964  |5         |
|2.965  |5         |
|2.966  |19,3333   |
|2.967  |10        |
|2.968  |5         |
|2.969  |13        |
|2.970  |32        |
|2.971  |17,5833   |
|2.972  |21,6667   |
|2.976  |19,2      |
|2.977  |9         |
|2.978  |13        |
|2.981  |17        |
|2.982  |14        |
|2.983  |5         |
|2.986  |22,2      |
|2.991  |18,25     |
|2.992  |5         |
|2.996  |20,5      |
|2.997  |18        |
|3.001  |15,7333   |
|3.002  |19,75     |
|3.006  |18,1724   |
|3.007  |22,75     |
|3.008  |31        |
|3.011  |16,1739   |
|3.012  |15        |
|3.016  |16,4138   |
|3.017  |17,5      |
|3.018  |7,5       |
|3.021  |19,6111   |
|3.022  |19        |
|3.023  |21        |
|3.026  |16,3      |
|3.027  |20,5      |
|3.028  |24        |
|3.031  |17,6875   |
|3.032  |17,6667   |
|3.036  |16,4583   |
|3.037  |15,3333   |
|3.038  |25        |
|3.041  |20,2632   |
|3.042  |8,5       |
|3.043  |6         |
|3.044  |22        |
|3.046  |17,5625   |
|3.047  |21,6667   |
|3.048  |16        |
|3.049  |7         |
|3.050  |6         |
|3.051  |18,0526   |
|3.052  |22,8      |
|3.056  |20,25     |
|3.057  |19,2      |
|3.058  |22        |
|3.061  |15,7273   |
|3.062  |11        |
|3.063  |29        |
|3.066  |13,9      |
|3.067  |22,2      |
|3.071  |14        |
|3.072  |14,6667   |
|3.073  |8         |
|3.076  |12,6      |
|3.077  |12,3333   |
|3.081  |19,3      |
|3.082  |32        |
|3.086  |17,875    |
|3.087  |20        |
|3.091  |20,6667   |
|3.092  |31        |
|3.096  |11,5556   |
|3.097  |17,6667   |
|3.098  |14        |
|3.101  |19,8      |
|3.102  |15,3333   |
|3.103  |5         |
|3.104  |28        |
|3.106  |17,7353   |
|3.107  |12,5      |
|3.108  |18        |
|3.109  |3         |
|3.111  |19,2727   |
|3.112  |21,9      |
|3.113  |16        |
|3.116  |16,0968   |
|3.117  |12,5      |
|3.118  |19,5      |
|3.119  |22        |
|3.121  |13,8065   |
|3.122  |19,3333   |
|3.123  |26        |
|3.126  |18,9091   |
|3.127  |13,5      |
|3.128  |12,3333   |
|3.129  |33        |
|3.131  |16,3784   |
|3.132  |19,7692   |
|3.133  |22        |
|3.136  |19,6176   |
|3.137  |21,2      |
|3.138  |20        |
|3.141  |21,4706   |
|3.142  |19,25     |
|3.143  |13,5      |
|3.144  |24,5      |
|3.146  |19,9091   |
|3.147  |6         |
|3.148  |17,5      |
|3.149  |30        |
|3.151  |18,6154   |
|3.152  |17,5      |
|3.153  |29        |
|3.156  |16,3478   |
|3.157  |19,5714   |
|3.161  |16,7895   |
|3.162  |20,2      |
|3.166  |18,5581   |
|3.167  |20        |
|3.171  |16        |
|3.172  |20,4615   |
|3.173  |19,6667   |
|3.174  |3         |
|3.176  |16,2857   |
|3.177  |24,75     |
|3.178  |22        |
|3.181  |20,8824   |
|3.182  |14        |
|3.183  |29,5      |
|3.186  |15,8235   |
|3.187  |17        |
|3.188  |17        |
|3.189  |24        |
|3.191  |19,4872   |
|3.192  |12,5      |
|3.193  |16,5      |
|3.194  |15        |
|3.195  |33        |
|3.196  |16,8276   |
|3.197  |16,1818   |
|3.198  |10,6667   |
|3.199  |5         |
|3.200  |26        |
|3.201  |18,5758   |
|3.202  |17,25     |
|3.203  |26,5      |
|3.206  |18,2069   |
|3.207  |18,4444   |
|3.208  |16,5      |
|3.209  |27        |
|3.211  |17,6      |
|3.212  |22,125    |
|3.213  |26        |
|3.216  |15,5217   |
|3.217  |14        |
|3.218  |32        |
|3.221  |20,32     |
|3.222  |13,2      |
|3.223  |20        |
|3.226  |18,5417   |
|3.227  |20,1111   |
|3.228  |27        |
|3.231  |17,4286   |
|3.232  |13,6      |
|3.233  |22        |
|3.236  |17,4762   |
|3.237  |19,8      |
|3.238  |12,5      |
|3.241  |19,2632   |
|3.242  |14,5      |
|3.243  |11        |
|3.244  |28        |
|3.246  |17,1212   |
|3.247  |21,25     |
|3.248  |14        |
|3.249  |27        |
|3.251  |18,5641   |
|3.252  |16,5556   |
|3.253  |20,5      |
|3.256  |18        |
|3.257  |21,75     |
|3.258  |3         |
|3.261  |19,3514   |
|3.262  |22        |
|3.263  |12,5      |
|3.264  |16,5      |
|3.265  |15        |
|3.266  |18,1563   |
|3.267  |14,1667   |
|3.268  |28        |
|3.271  |16,1212   |
|3.272  |18,5714   |
|3.276  |16,3571   |
|3.277  |16        |
|3.278  |19,3333   |
|3.281  |14,8485   |
|3.282  |15,2308   |
|3.283  |23,6667   |
|3.284  |7         |
|3.286  |17,6667   |
|3.287  |12,2      |
|3.288  |14,3333   |
|3.291  |17,2667   |
|3.292  |20,5      |
|3.293  |19        |
|3.296  |15,875    |
|3.297  |17,25     |
|3.298  |18,6667   |
|3.299  |11        |
|3.300  |8         |
|3.301  |18,1667   |
|3.302  |23        |
|3.306  |13,8235   |
|3.307  |12,8571   |
|3.308  |17        |
|3.309  |17,5      |
|3.311  |15,1739   |
|3.312  |26        |
|3.316  |20,9474   |
|3.317  |17        |
|3.318  |17        |
|3.319  |29        |
|3.321  |14        |
|3.322  |22        |
|3.323  |8         |
|3.326  |18,9167   |
|3.327  |23        |
|3.328  |4         |
|3.331  |17,4286   |
|3.332  |16        |
|3.336  |21,3333   |
|3.337  |23        |
|3.341  |18        |
|3.342  |22        |
|3.346  |12,875    |
|3.347  |23,2      |
|3.351  |16,1563   |
|3.352  |18,6667   |
|3.353  |6         |
|3.356  |17,7576   |
|3.357  |18,4286   |
|3.358  |20        |
|3.361  |17,9063   |
|3.362  |20,375    |
|3.363  |29        |
|3.366  |18,0313   |
|3.367  |16,25     |
|3.368  |30        |
|3.371  |18,6364   |
|3.372  |19,6      |
|3.376  |18,4063   |
|3.377  |14,2857   |
|3.378  |14        |
|3.379  |15        |
|3.381  |19,2857   |
|3.382  |15,1429   |
|3.383  |10,5      |
|3.384  |25        |
|3.386  |20,1111   |
|3.387  |21,4      |
|3.391  |20,6818   |
|3.392  |18,75     |
|3.393  |31        |
|3.396  |19,1364   |
|3.397  |14,6      |
|3.398  |24        |
|3.401  |17,8182   |
|3.402  |26,4      |
|3.403  |24        |
|3.406  |15,45     |
|3.407  |19        |
|3.408  |19        |
|3.411  |19,5667   |
|3.412  |16,7143   |
|3.413  |14        |
|3.414  |30        |
|3.416  |20,8095   |
|3.417  |15        |
|3.418  |31        |
|3.421  |21,6      |
|3.422  |22        |
|3.426  |15,8889   |
|3.427  |19,75     |
|3.428  |17        |
|3.431  |14,875    |
|3.432  |14,3333   |
|3.433  |17        |
|3.434  |15        |
|3.435  |20        |
|3.436  |20,25     |
|3.441  |17,2857   |
|3.442  |13        |
|3.443  |28        |
|3.446  |13,875    |
|3.447  |20,3333   |
|3.451  |16,3      |
|3.452  |18        |
|3.456  |21,2857   |
|3.461  |13,9091   |
|3.462  |16,8      |
|3.463  |13        |
|3.464  |28        |
|3.466  |19,9655   |
|3.467  |14,8333   |
|3.468  |24,5      |
|3.471  |21,2      |
|3.472  |20,75     |
|3.473  |18        |
|3.476  |17,5556   |
|3.477  |19,25     |
|3.478  |14        |
|3.479  |20        |
|3.481  |16,3077   |
|3.482  |18,4286   |
|3.483  |10        |
|3.486  |19,8      |
|3.487  |20,4      |
|3.488  |25,5      |
|3.491  |16        |
|3.492  |14,625    |
|3.493  |27,3333   |
|3.496  |22,7857   |
|3.497  |20        |
|3.501  |18,6429   |
|3.502  |19,6667   |
|3.506  |20,2727   |
|3.507  |17        |
|3.511  |20        |
|3.512  |16        |
|3.513  |19        |
|3.516  |16,2143   |
|3.517  |21,4      |
|3.518  |3         |
|3.521  |18,4286   |
|3.522  |13,6      |
|3.523  |28,5      |
|3.526  |20,375    |
|3.527  |25        |
|3.531  |15        |
|3.532  |20,5      |
|3.536  |13,7143   |
|3.537  |23        |
|3.541  |15,2222   |
|3.542  |17        |
|3.543  |8,5       |
|3.544  |22        |
|3.546  |17,8333   |
|3.547  |3         |
|3.551  |16,2      |
|3.552  |14,3333   |
|3.553  |17        |
|3.554  |33        |
|3.556  |22,2857   |
|3.557  |18        |
|3.561  |19,8333   |
|3.562  |24        |
|3.566  |18,4      |
|3.567  |9         |
|3.571  |19,7045   |
|3.572  |9,3333    |
|3.573  |20        |
|3.574  |29        |
|3.576  |17,1905   |
|3.577  |20,375    |
|3.581  |15,6744   |
|3.582  |16,2222   |
|3.583  |22,6667   |
|3.584  |17        |
|3.585  |24        |
|3.586  |18,3636   |
|3.587  |19,75     |
|3.588  |30        |
|3.591  |16,8649   |
|3.592  |16,7273   |
|3.593  |20,5      |
|3.594  |19        |
|3.595  |17        |
|3.596  |19,4054   |
|3.597  |24,8      |
|3.601  |16,5588   |
|3.602  |21,6364   |
|3.603  |10        |
|3.604  |14        |
|3.606  |17,5366   |
|3.607  |13,25     |
|3.608  |18,25     |
|3.609  |32        |
|3.611  |16,9737   |
|3.612  |15,5      |
|3.613  |18,75     |
|3.614  |10        |
|3.615  |6         |
|3.616  |16,6538   |
|3.617  |13,3333   |
|3.618  |22,6667   |
|3.619  |3         |
|3.620  |26        |
|3.621  |17,64     |
|3.622  |16,1111   |
|3.623  |19        |
|3.626  |19,32     |
|3.627  |18,4286   |
|3.628  |25        |
|3.631  |18,2381   |
|3.632  |19,6667   |
|3.636  |17,35     |
|3.637  |9         |
|3.638  |19        |
|3.641  |17,5      |
|3.642  |18,3333   |
|3.643  |8         |
|3.646  |15,2143   |
|3.647  |11,5      |
|3.651  |17,1111   |
|3.652  |24,6667   |
|3.656  |20,625    |
|3.657  |7         |
|3.661  |19,5556   |
|3.662  |19        |
|3.663  |31        |
|3.666  |19,5      |
|3.667  |16        |
|3.668  |5         |
|3.671  |18,9737   |
|3.672  |23,2857   |
|3.673  |33        |
|3.676  |17,7436   |
|3.677  |13,7778   |
|3.678  |23,6667   |
|3.681  |18,6667   |
|3.682  |18,7143   |
|3.683  |25        |
|3.686  |18,9744   |
|3.687  |17,25     |
|3.688  |7         |
|3.691  |19,5128   |
|3.692  |18,5556   |
|3.693  |7         |
|3.694  |10        |
|3.695  |19        |
|3.696  |17,2391   |
|3.697  |19,7333   |
|3.698  |4         |
|3.699  |5         |
|3.701  |19,0909   |
|3.702  |14,9231   |
|3.703  |18,2      |
|3.704  |25        |
|3.706  |16,7576   |
|3.707  |12,5714   |
|3.708  |16,25     |
|3.709  |27        |
|3.711  |17,2778   |
|3.712  |21,5455   |
|3.713  |9         |
|3.714  |32        |
|3.716  |21,25     |
|3.717  |13        |
|3.718  |19        |
|3.719  |15        |
|3.721  |14,3333   |
|3.722  |20,375    |
|3.723  |19        |
|3.726  |18,619    |
|3.727  |16,1      |
|3.728  |10        |
|3.729  |4         |
|3.731  |20,6316   |
|3.732  |21,2      |
|3.733  |22,5      |
|3.736  |20,7      |
|3.737  |19        |
|3.741  |25,4      |
|3.746  |19,2857   |
|3.747  |22        |
|3.748  |30        |
|3.751  |14        |
|3.752  |17,5      |
|3.753  |25        |
|3.754  |19        |
|3.756  |12,8      |
|3.757  |10,5      |
|3.758  |22        |
|3.761  |18,5714   |
|3.762  |11        |
|3.766  |9,6667    |
|3.767  |5         |
|3.768  |33        |
|3.771  |19        |
|3.772  |27        |
|3.776  |13,3333   |
|3.777  |11        |
|3.781  |18,2      |
|3.782  |17,5714   |
|3.783  |20        |
|3.784  |17        |
|3.786  |19,1111   |
|3.787  |12,5      |
|3.788  |19,6667   |
|3.791  |18,8519   |
|3.792  |24,5714   |
|3.796  |18,0286   |
|3.797  |15,375    |
|3.798  |23        |
|3.801  |17,6071   |
|3.802  |12,875    |
|3.803  |13,75     |
|3.804  |20        |
|3.805  |22        |
|3.806  |18,1      |
|3.807  |14,4      |
|3.808  |25        |
|3.811  |19,3704   |
|3.812  |11,75     |
|3.813  |28        |
|3.816  |20,4615   |
|3.817  |13        |
|3.821  |19,8929   |
|3.822  |21,1667   |
|3.823  |24        |
|3.826  |20,2609   |
|3.827  |21,8      |
|3.828  |28        |
|3.831  |19,1304   |
|3.832  |16,4      |
|3.833  |32        |
|3.836  |16,381    |
|3.837  |24,5      |
|3.841  |14        |
|3.842  |12,375    |
|3.843  |11,2      |
|3.844  |22,5      |
|3.846  |19,5294   |
|3.847  |17        |
|3.848  |29        |
|3.851  |18,619    |
|3.852  |18        |
|3.853  |20        |
|3.856  |14,7      |
|3.857  |8,75      |
|3.858  |20        |
|3.861  |17,375    |
|3.862  |15        |
|3.866  |19,375    |
|3.867  |8         |
|3.868  |22        |
|3.871  |18,5714   |
|3.872  |27        |
|3.876  |16,7857   |
|3.877  |27,5      |
|3.881  |17,4      |
|3.882  |22        |
|3.886  |18,5333   |
|3.887  |14,3333   |
|3.891  |18,2      |
|3.892  |14,5      |
|3.896  |16,5758   |
|3.897  |15,3333   |
|3.898  |18,6667   |
|3.899  |24        |
|3.901  |17,4857   |
|3.902  |18,8571   |
|3.903  |11,5      |
|3.904  |6         |
|3.905  |30        |
|3.906  |14,9024   |
|3.907  |22,4615   |
|3.908  |15,3333   |
|3.909  |22        |
|3.911  |18,5833   |
|3.912  |21,7273   |
|3.913  |27        |
|3.916  |16,5758   |
|3.917  |21,75     |
|3.918  |22        |
|3.921  |18,3077   |
|3.922  |14,875    |
|3.923  |16        |
|3.926  |18,9143   |
|3.927  |16        |
|3.928  |19        |
|3.931  |16,0968   |
|3.932  |20,25     |
|3.936  |17,5789   |
|3.937  |18,6364   |
|3.938  |9,5       |
|3.939  |26        |
|3.941  |18,7692   |
|3.942  |21,1429   |
|3.943  |12        |
|3.944  |19,5      |
|3.946  |15,16     |
|3.947  |16,8333   |
|3.948  |11,8      |
|3.949  |22,5      |
|3.950  |25        |
|3.951  |18,24     |
|3.952  |24,25     |
|3.956  |18,6538   |
|3.957  |21,8571   |
|3.958  |14        |
|3.961  |19,8462   |
|3.962  |21,5714   |
|3.963  |3         |
|3.966  |18,037    |
|3.967  |12,4      |
|3.968  |14        |
|3.969  |24        |
|3.971  |16,6667   |
|3.972  |20,8889   |
|3.973  |23        |
|3.976  |18,6087   |
|3.977  |16,5      |
|3.978  |33        |
|3.981  |18,7619   |
|3.982  |19,2      |
|3.983  |17        |
|3.984  |27        |
|3.986  |18,4      |
|3.987  |14,75     |
|3.988  |24,3333   |
|3.991  |14,0526   |
|3.992  |19,6429   |
|3.993  |17,3333   |
|3.994  |4         |
|3.995  |16        |
|3.996  |19,0909   |
|3.997  |17        |
|3.998  |18,5      |
|3.999  |19        |
|4.001  |20,0333   |
|4.002  |19,4      |
|4.003  |31        |
|4.006  |18,1613   |
|4.007  |20,6667   |
|4.008  |13,5      |
|4.009  |18,5      |
|4.011  |17,087    |
|4.012  |21,1667   |
|4.016  |11,7391   |
|4.017  |19,5      |
|4.018  |6         |
|4.019  |22        |
|4.021  |15,6957   |
|4.022  |19,4      |
|4.023  |17,5      |
|4.026  |18,75     |
|4.027  |23,2      |
|4.028  |5         |
|4.029  |30        |
|4.031  |17,9524   |
|4.032  |13,2      |
|4.033  |24,5      |
|4.036  |20,8421   |
|4.037  |17        |
|4.041  |20        |
|4.042  |24,3333   |
|4.046  |11,75     |
|4.047  |24        |
|4.051  |13,5      |
|4.052  |13,6      |
|4.053  |29        |
|4.056  |10,75     |
|4.057  |9         |
|4.058  |13        |
|4.061  |17,6667   |
|4.062  |12        |
|4.066  |17,9091   |
|4.067  |9,3333    |
|4.068  |30,5      |
|4.071  |14,8571   |
|4.072  |9,3333    |
|4.073  |24,5      |
|4.074  |4         |
|4.076  |21,8      |
|4.077  |27        |
|4.081  |16,8621   |
|4.082  |16,5714   |
|4.083  |22,3333   |
|4.086  |20,6571   |
|4.087  |23,75     |
|4.088  |17        |
|4.089  |23        |
|4.091  |16,7209   |
|4.092  |19,9      |
|4.093  |9         |
|4.096  |16,8421   |
|4.097  |24,125    |
|4.098  |18        |
|4.101  |19,775    |
|4.102  |21,2      |
|4.103  |19        |
|4.106  |19,5313   |
|4.107  |8,5       |
|4.108  |18        |
|4.111  |17,4615   |
|4.112  |16,8667   |
|4.113  |20,5      |
|4.114  |15        |
|4.116  |17,973    |
|4.117  |19,5      |
|4.118  |13        |
|4.119  |27        |
|4.121  |17,9091   |
|4.122  |18,5      |
|4.123  |15,5      |
|4.126  |17,5909   |
|4.127  |21        |
|4.131  |16,5833   |
|4.132  |17,75     |
|4.133  |10        |
|4.136  |18,7692   |
|4.137  |11,1429   |
|4.138  |19,75     |
|4.139  |20        |
|4.141  |20,3333   |
|4.142  |21,8333   |
|4.146  |18,2121   |
|4.147  |22,6667   |
|4.148  |29        |
|4.151  |15,7      |
|4.152  |19,5      |
|4.156  |20,5882   |
|4.157  |21,5      |
|4.161  |15,5333   |
|4.162  |19,5714   |
|4.163  |20        |
|4.166  |16,9286   |
|4.167  |20,4      |
|4.168  |3         |
|4.169  |18        |
|4.171  |16,3333   |
|4.172  |19,2857   |
|4.176  |16,3077   |
|4.177  |13        |
|4.181  |18,3214   |
|4.182  |13,5      |
|4.183  |29        |
|4.186  |19,0645   |
|4.187  |14,75     |
|4.188  |22        |
|4.189  |18        |
|4.191  |16,7917   |
|4.192  |19,625    |
|4.193  |23        |
|4.196  |18,5185   |
|4.197  |22,8889   |
|4.198  |27        |
|4.201  |20,32     |
|4.202  |15        |
|4.206  |15,4074   |
|4.207  |18,25     |
|4.208  |21,6      |
|4.209  |20        |
|4.211  |16,8438   |
|4.212  |15,1667   |
|4.213  |12        |
|4.214  |28        |
|4.216  |16,5      |
|4.217  |20,2      |
|4.221  |16        |
|4.222  |20,4286   |
|4.223  |25        |
|4.226  |19,65     |
|4.227  |15,5      |
|4.228  |6         |
|4.231  |15,6316   |
|4.232  |17        |
|4.233  |27        |
|4.236  |17,9375   |
|4.237  |12,25     |
|4.238  |17,5      |
|4.241  |15,8333   |
|4.242  |16,2      |
|4.246  |20,3571   |
|4.247  |27,5      |
|4.251  |16,6667   |
|4.252  |12,6667   |
|4.253  |10        |
|4.256  |12,2      |
|4.257  |10        |
|4.261  |14,1667   |
|4.262  |27        |
|4.266  |16        |
|4.267  |10        |
|4.268  |19        |
|4.271  |23,5      |
|4.272  |13        |
|4.273  |5         |
|4.274  |13        |
|4.275  |16        |
|4.276  |15,5      |
|4.277  |19        |
|4.281  |16,375    |
|4.282  |16,5      |
|4.283  |24        |
|4.286  |18,1389   |
|4.287  |19,6154   |
|4.288  |11,75     |
|4.289  |13        |
|4.291  |18,2857   |
|4.292  |17        |
|4.296  |15,8      |
|4.297  |12,6      |
|4.298  |32        |
|4.301  |15,9773   |
|4.302  |17,8462   |
|4.303  |22,3333   |
|4.304  |4         |
|4.306  |16,1556   |
|4.307  |17,2727   |
|4.308  |16        |
|4.309  |12,25     |
|4.310  |28        |
|4.311  |21,8333   |
|4.312  |14,5      |
|4.316  |15,56     |
|4.317  |17,1429   |
|4.318  |9,5       |
|4.319  |7         |
|4.321  |18,1538   |
|4.322  |21,5      |
|4.323  |18,5      |
|4.326  |19        |
|4.327  |19,25     |
|4.328  |13        |
|4.329  |28        |
|4.331  |19,9615   |
|4.332  |17,4      |
|4.333  |23,5      |
|4.334  |18        |
|4.336  |16,7241   |
|4.337  |21,25     |
|4.338  |22,5      |
|4.341  |20        |
|4.342  |15,6667   |
|4.343  |17,25     |
|4.344  |18,5      |
|4.346  |17,087    |
|4.347  |13,25     |
|4.348  |21        |
|4.349  |11        |
|4.350  |5         |
|4.351  |15,2      |
|4.352  |15,6      |
|4.353  |29,6667   |
|4.356  |18,3      |
|4.357  |20,3333   |
|4.361  |19,4118   |
|4.366  |19,2353   |
|4.367  |19        |
|4.368  |17        |
|4.369  |9         |
|4.371  |15,3333   |
|4.372  |23        |
|4.373  |21        |
|4.374  |17        |
|4.375  |6         |
|4.376  |22,25     |
|4.381  |18,1538   |
|4.382  |24,5      |
|4.386  |17,2143   |
|4.387  |14,5      |
|4.388  |17        |
|4.389  |15        |
|4.391  |16,8077   |
|4.392  |16        |
|4.393  |9         |
|4.396  |18,4063   |
|4.397  |21        |
|4.398  |16        |
|4.399  |21        |
|4.401  |13,8919   |
|4.402  |18,1176   |
|4.403  |17,25     |
|4.404  |29        |
|4.406  |16,2353   |
|4.407  |13,7143   |
|4.408  |18,3333   |
|4.411  |18,5429   |
|4.412  |14,625    |
|4.413  |21        |
|4.416  |20,44     |
|4.417  |20,2      |
|4.418  |14        |
|4.419  |7         |
|4.420  |7         |
|4.421  |16,5      |
|4.422  |13,6667   |
|4.423  |16,5      |
|4.424  |6         |
|4.426  |14,6      |
|4.427  |15        |
|4.428  |27        |
|4.431  |16,4091   |
|4.432  |18,125    |
|4.433  |23,5      |
|4.436  |18,2857   |
|4.437  |17,8333   |
|4.441  |16,75     |
|4.442  |15,2      |
|4.443  |24        |
|4.446  |16,7391   |
|4.447  |18,3333   |
|4.451  |16,5833   |
|4.452  |14,9      |
|4.453  |11,5      |
|4.454  |26,5      |
|4.456  |15,1905   |
|4.457  |22        |
|4.458  |24        |
|4.461  |18,3333   |
|4.462  |14        |
|4.463  |18        |
|4.466  |21,0333   |
|4.467  |20,6667   |
|4.471  |18,5217   |
|4.472  |19,875    |
|4.473  |7         |
|4.474  |23        |
|4.476  |16,3103   |
|4.477  |13,4      |
|4.478  |30        |
|4.481  |18,6923   |
|4.482  |16,4444   |
|4.483  |14        |
|4.484  |10        |
|4.485  |13,5      |
|4.486  |17,5111   |
|4.487  |14        |
|4.488  |18,6667   |
|4.489  |27        |
|4.491  |20,1818   |
|4.492  |24,6667   |
|4.496  |17,36     |
|4.497  |19,875    |
|4.498  |30,5      |
|4.501  |18,6364   |
|4.502  |23,5      |
|4.503  |20        |
|4.506  |18,0526   |
|4.507  |20,75     |
|4.508  |16        |
|4.511  |20,96     |
|4.512  |27        |
|4.516  |16,6      |
|4.517  |14,3333   |
|4.521  |21,75     |
|4.522  |15        |
|4.523  |18,6667   |
|4.526  |18,25     |
|4.527  |19,2      |
|4.531  |18,0476   |
|4.532  |21,8      |
|4.533  |10        |
|4.536  |19,4444   |
|4.537  |22,75     |
|4.538  |21        |
|4.541  |18,5769   |
|4.542  |22,5714   |
|4.546  |18,9524   |
|4.547  |18,8333   |
|4.548  |14,5      |
|4.551  |19,3889   |
|4.552  |26        |
|4.556  |14,3684   |
|4.557  |12,6      |
|4.558  |14        |
|4.559  |15        |
|4.561  |20,2917   |
|4.562  |14,8      |
|4.563  |17,5      |
|4.566  |17,2778   |
|4.567  |25,5      |
|4.568  |19        |
|4.571  |20,8421   |
|4.572  |9,5       |
|4.573  |10        |
|4.574  |23        |
|4.576  |17,6316   |
|4.577  |18,2222   |
|4.578  |16,5      |
|4.579  |28        |
|4.581  |17,6842   |
|4.582  |13,8571   |
|4.583  |15,25     |
|4.584  |23        |
|4.586  |16,7333   |
|4.587  |29        |
|4.591  |20,05     |
|4.592  |14,5      |
|4.596  |18,5263   |
|4.597  |15,375    |
|4.598  |25        |
|4.599  |15        |
|4.600  |27        |
|4.601  |16,125    |
|4.602  |19,75     |
|4.606  |16,8235   |
|4.607  |8,6667    |
|4.608  |21        |
|4.611  |17,5263   |
|4.612  |16        |
|4.613  |22        |
|4.616  |15,1667   |
|4.617  |15,5714   |
|4.618  |24        |
|4.621  |20,1111   |
|4.622  |20,5      |
|4.623  |19        |
|4.626  |16,8261   |
|4.627  |14        |
|4.628  |16,6      |
|4.629  |9,3333    |
|4.631  |17,325    |
|4.632  |17        |
|4.633  |14,6667   |
|4.634  |9         |
|4.635  |30        |
|4.636  |19,1935   |
|4.637  |21,875    |
|4.638  |24        |
|4.641  |18,9091   |
|4.642  |19,8182   |
|4.643  |22        |
|4.646  |18,6563   |
|4.647  |23,1667   |
|4.651  |16,6053   |
|4.652  |22,8571   |
|4.653  |8,5       |
|4.656  |18,8205   |
|4.657  |12,4      |
|4.658  |20        |
|4.661  |21,8485   |
|4.662  |19,4444   |
|4.663  |10,5      |
|4.664  |28        |
|4.666  |17,3333   |
|4.667  |19,75     |
|4.668  |12,3333   |
|4.669  |8         |
|4.671  |19,2692   |
|4.672  |22        |
|4.673  |14,5      |
|4.674  |26        |
|4.676  |17,6667   |
|4.677  |20,4286   |
|4.681  |17,7273   |
|4.682  |21,8571   |
|4.683  |25,5      |
|4.686  |19,1739   |
|4.687  |15,4286   |
|4.691  |16,6818   |
|4.692  |24        |
|4.693  |13        |
|4.696  |16,5417   |
|4.697  |16,2222   |
|4.698  |9,6       |
|4.699  |24        |
|4.701  |17,0625   |
|4.702  |21,5714   |
|4.703  |17        |
|4.706  |17,4118   |
|4.707  |21,6      |
|4.708  |17,5      |
|4.709  |4         |
|4.711  |17,2      |
|4.712  |21,2727   |
|4.713  |17        |
|4.714  |19        |
|4.716  |19,5294   |
|4.717  |23,5      |
|4.721  |19,9697   |
|4.722  |21,5714   |
|4.723  |5         |
|4.724  |23        |
|4.726  |16,9167   |
|4.727  |20,6154   |
|4.728  |20        |
|4.731  |19,6786   |
|4.732  |17        |
|4.733  |15        |
|4.734  |25        |
|4.736  |17,1      |
|4.737  |18,5714   |
|4.738  |18        |
|4.741  |20        |
|4.742  |18,4      |
|4.743  |15        |
|4.746  |18,5652   |
|4.747  |19,2      |
|4.748  |33        |
|4.751  |17,2667   |
|4.752  |17,2222   |
|4.753  |8         |
|4.756  |16,6923   |
|4.757  |16,5      |
|4.758  |17,6667   |
|4.761  |19,5833   |
|4.762  |18,2857   |
|4.766  |18        |
|4.767  |15,1667   |
|4.768  |16        |
|4.769  |18        |
|4.771  |13,9091   |
|4.772  |15,3333   |
|4.773  |9,5       |
|4.776  |19,4615   |
|4.777  |20,8      |
|4.778  |3         |
|4.779  |28        |
|4.781  |17,9375   |
|4.782  |19        |
|4.783  |23,3333   |
|4.784  |14        |
|4.786  |18,8      |
|4.787  |19,6667   |
|4.791  |19,3636   |
|4.792  |19,3333   |
|4.796  |13,75     |
|4.797  |16,1667   |
|4.798  |27        |
|4.801  |15,9167   |
|4.802  |20,6667   |
|4.806  |16,3571   |
|4.807  |17,7143   |
|4.808  |32        |
|4.811  |17,6129   |
|4.812  |8,5       |
|4.813  |19,75     |
|4.814  |26,5      |
|4.816  |19,3667   |
|4.817  |19,25     |
|4.821  |18,6      |
|4.822  |19,75     |
|4.826  |18,3243   |
|4.827  |13,8889   |
|4.828  |26,5      |
|4.829  |8         |
|4.831  |17,3529   |
|4.832  |11,9      |
|4.833  |17        |
|4.836  |18,1429   |
|4.837  |13,1      |
|4.838  |21        |
|4.841  |19,3125   |
|4.842  |19,6667   |
|4.843  |11        |
|4.846  |17,4074   |
|4.847  |16,8333   |
|4.848  |18        |
|4.849  |13,5      |
|4.850  |4         |
|4.851  |19,5926   |
|4.852  |20        |
|4.856  |17,7222   |
|4.857  |15,2      |
|4.858  |25        |
|4.861  |17,9643   |
|4.862  |17,8571   |
|4.863  |6         |
|4.866  |18,8      |
|4.867  |13,2      |
|4.868  |24        |
|4.871  |16,8214   |
|4.872  |14,3333   |
|4.873  |24,5      |
|4.876  |18,1875   |
|4.877  |12,6667   |
|4.878  |16        |
|4.879  |22,5      |
|4.881  |20,04     |
|4.882  |12        |
|4.883  |30        |
|4.886  |17,0714   |
|4.887  |18,8889   |
|4.888  |26        |
|4.891  |17,8571   |
|4.892  |17,75     |
|4.893  |27        |
|4.896  |18,4054   |
|4.897  |18,75     |
|4.898  |15        |
|4.899  |26        |
|4.901  |19,36     |
|4.902  |26        |
|4.906  |17,36     |
|4.907  |15,4      |
|4.908  |29,5      |
|4.911  |17,0526   |
|4.912  |12        |
|4.913  |11,3333   |
|4.914  |11        |
|4.916  |15,72     |
|4.917  |21        |
|4.918  |25        |
|4.921  |19,1923   |
|4.922  |19,2857   |
|4.923  |5         |
|4.926  |18,2069   |
|4.927  |17,125    |
|4.931  |17,6316   |
|4.932  |20        |
|4.936  |20,0526   |
|4.937  |20,6667   |
|4.941  |20,125    |
|4.942  |25        |
|4.946  |17,2667   |
|4.947  |22,8333   |
|4.951  |16,8333   |
|4.952  |17        |
|4.953  |10        |
|4.954  |14        |
|4.955  |7         |
|4.956  |19,4583   |
|4.957  |18        |
|4.958  |9         |
|4.959  |14        |
|4.961  |16,9565   |
|4.962  |20,1333   |
|4.963  |17,3333   |
|4.964  |22,5      |
|4.966  |18,7838   |
|4.967  |17,1111   |
|4.968  |15        |
|4.969  |20        |
|4.971  |20,9722   |
|4.972  |18,3333   |
|4.973  |6         |
|4.974  |17        |
|4.976  |17,7297   |
|4.977  |18,5455   |
|4.978  |23,5      |
|4.979  |25        |
|4.981  |18,4595   |
|4.982  |20,5      |
|4.983  |22,3333   |
|4.984  |21        |
|4.986  |17,15     |
|4.987  |21,6667   |
|4.988  |12        |
|4.991  |17,6486   |
|4.992  |17,6667   |
|4.993  |22,5      |
|4.996  |21,3235   |
|4.997  |13        |
|4.998  |7         |
|5.001  |19,9655   |
|5.002  |24,1667   |
|5.003  |26        |
|5.006  |18,3704   |
|5.007  |15,8571   |
|5.008  |15        |
|5.011  |16,2      |
|5.012  |18,5556   |
|5.013  |6,25      |
|5.014  |15        |
|5.016  |14,5      |
|5.017  |20,2857   |
|5.018  |24,6667   |
|5.021  |17,6      |
|5.022  |20,5      |
|5.026  |18,9459   |
|5.027  |21,8571   |
|5.028  |4         |
|5.031  |19,425    |
|5.032  |21,125    |
|5.036  |19,5455   |
|5.037  |20,375    |
|5.038  |3         |
|5.039  |20        |
|5.041  |18,725    |
|5.042  |25        |
|5.046  |19,3611   |
|5.047  |15        |
|5.048  |27        |
|5.051  |18,4848   |
|5.052  |15,6      |
|5.053  |15,3333   |
|5.056  |21,037    |
|5.057  |23,6      |
|5.058  |9         |
|5.059  |4         |
|5.060  |18        |
|5.061  |16,7692   |
|5.062  |17,7143   |
|5.063  |28        |
|5.066  |18,3571   |
|5.067  |16,5556   |
|5.068  |24,3333   |
|5.071  |16,037    |
|5.072  |21,8      |
|5.073  |19        |
|5.076  |19,1739   |
|5.077  |18,3333   |
|5.081  |21        |
|5.082  |11,6667   |
|5.083  |15,6667   |
|5.086  |18,3636   |
|5.087  |17,6      |
|5.088  |17,5      |
|5.091  |20,0741   |
|5.092  |14,75     |
|5.093  |22,5      |
|5.096  |16,8214   |
|5.097  |20,25     |
|5.098  |6         |
|5.101  |18,5152   |
|5.102  |15,7778   |
|5.103  |22        |
|5.106  |19,5      |
|5.107  |15,8333   |
|5.108  |6         |
|5.111  |17,7879   |
|5.112  |22        |
|5.113  |10        |
|5.116  |19,0455   |
|5.117  |21,25     |
|5.118  |33        |
|5.121  |17,8438   |
|5.122  |16,3      |
|5.123  |13,5      |
|5.124  |11,5      |
|5.125  |8         |
|5.126  |15,6111   |
|5.127  |12        |
|5.131  |18,3      |
|5.132  |20,75     |
|5.133  |3         |
|5.136  |18,5      |
|5.137  |20,8333   |
|5.138  |21,5      |
|5.141  |15,1429   |
|5.142  |20,6      |
|5.143  |28        |
|5.146  |19,9474   |
|5.147  |20,5      |
|5.148  |29        |
|5.151  |17,05     |
|5.152  |7,6667    |
|5.153  |32        |
|5.156  |16,8571   |
|5.157  |16,6667   |
|5.161  |20,1538   |
|5.162  |28        |
|5.166  |17,2727   |
|5.167  |12,5      |
|5.168  |19        |
|5.171  |18,2308   |
|5.172  |16        |
|5.173  |24,5      |
|5.176  |17,8571   |
|5.177  |14,25     |
|5.181  |23,4      |
|5.182  |30        |
|5.186  |20,2      |
|5.191  |17,119    |
|5.192  |15,8889   |
|5.193  |17,25     |
|5.196  |18,05     |
|5.197  |17,7143   |
|5.198  |26        |
|5.201  |15,2553   |
|5.202  |20,1111   |
|5.203  |31        |
|5.206  |18,2927   |
|5.207  |17,8      |
|5.208  |5,5       |
|5.209  |9,5       |
|5.210  |6         |
|5.211  |17,6341   |
|5.212  |16,8889   |
|5.213  |11        |
|5.216  |20,0588   |
|5.217  |17,3333   |
|5.218  |13        |
|5.221  |18,15     |
|5.222  |18,7      |
|5.223  |15        |
|5.224  |15        |
|5.225  |10        |
|5.226  |18        |
|5.227  |24,5      |
|5.228  |24,5      |
|5.231  |17,0833   |
|5.232  |15,8      |
|5.233  |13        |
|5.234  |12        |
|5.236  |15,5909   |
|5.237  |20        |
|5.238  |33        |
|5.241  |16,3704   |
|5.242  |16,875    |
|5.243  |33        |
|5.246  |17,5909   |
|5.247  |14,5      |
|5.248  |20        |
|5.251  |21,7333   |
|5.252  |10,5      |
|5.256  |22,375    |
|5.257  |20,25     |
|5.258  |32        |
|5.261  |16,5714   |
|5.262  |20,8      |
|5.263  |12        |
|5.264  |14        |
|5.266  |15,9286   |
|5.267  |16,25     |
|5.268  |18        |
|5.269  |27        |
|5.271  |17,8182   |
|5.272  |7,6667    |
|5.273  |28        |
|5.276  |16,3714   |
|5.277  |16,8      |
|5.278  |17,25     |
|5.281  |19,5333   |
|5.282  |21,6667   |
|5.283  |13,5      |
|5.284  |23        |
|5.286  |20,1463   |
|5.287  |19,1111   |
|5.288  |17,6667   |
|5.291  |18,8421   |
|5.292  |24,1      |
|5.296  |17,9459   |
|5.297  |17,1111   |
|5.298  |31        |
|5.301  |17,1714   |
|5.302  |18,6667   |
|5.303  |15,3333   |
|5.304  |10,5      |
|5.305  |19        |
|5.306  |17,9474   |
|5.307  |15,4286   |
|5.308  |23,5      |
|5.309  |13        |
|5.310  |24        |
|5.311  |16,4545   |
|5.312  |18,2857   |
|5.313  |28,6667   |
|5.316  |17,3636   |
|5.317  |17,9      |
|5.318  |11        |
|5.319  |14,5      |
|5.320  |27        |
|5.321  |17,6      |
|5.322  |15,6667   |
|5.323  |12,6667   |
|5.324  |19,5      |
|5.326  |17,3529   |
|5.327  |17,5556   |
|5.328  |14,6667   |
|5.329  |23,5      |
|5.331  |15,2857   |
|5.332  |16,25     |
|5.333  |11        |
|5.336  |14,8276   |
|5.337  |17,8      |
|5.338  |21,6667   |
|5.341  |18,3077   |
|5.342  |17,25     |
|5.343  |19,5      |
|5.346  |16,8      |
|5.347  |21,5714   |
|5.348  |4         |
|5.349  |25        |
|5.351  |22,6      |
|5.352  |18,5      |
|5.356  |16,7333   |
|5.357  |10,8      |
|5.358  |20,5      |
|5.359  |25        |
|5.361  |14,0714   |
|5.362  |15        |
|5.363  |10        |
|5.366  |17,6154   |
|5.367  |16,8333   |
|5.368  |20,5      |
|5.371  |22,4      |
|5.372  |19        |
|5.376  |18,5625   |
|5.377  |9,3333    |
|5.381  |18,5      |
|5.382  |23,5      |
|5.386  |18,3704   |
|5.387  |14,6667   |
|5.388  |3         |
|5.389  |27        |
|5.391  |17,3056   |
|5.392  |15,25     |
|5.393  |17        |
|5.394  |22        |
|5.396  |16,9375   |
|5.397  |14,7      |
|5.398  |23        |
|5.399  |3,5       |
|5.400  |15        |
|5.401  |18,3714   |
|5.402  |16,3      |
|5.403  |30        |
|5.406  |19,3125   |
|5.407  |18,1667   |
|5.408  |4         |
|5.409  |12        |
|5.410  |22        |
|5.411  |17,4444   |
|5.412  |15        |
|5.413  |19,3333   |
|5.414  |30        |
|5.416  |19,3171   |
|5.417  |21,0909   |
|5.418  |16        |
|5.421  |17,2121   |
|5.422  |15,1667   |
|5.423  |14        |
|5.426  |20,75     |
|5.427  |29,3333   |
|5.431  |19,2963   |
|5.432  |18,9      |
|5.433  |16        |
|5.436  |18,65     |
|5.437  |17,6667   |
|5.438  |29        |
|5.441  |16,5556   |
|5.442  |10        |
|5.446  |17,5      |
|5.447  |16,625    |
|5.448  |26,3333   |
|5.451  |18,5909   |
|5.452  |13        |
|5.453  |19,6667   |
|5.454  |24        |
|5.456  |20,6      |
|5.457  |25,7143   |
|5.461  |20,7826   |
|5.462  |20,6667   |
|5.463  |16        |
|5.464  |12        |
|5.465  |15        |
|5.466  |16,7632   |
|5.467  |14,3636   |
|5.468  |21,7143   |
|5.469  |4         |
|5.470  |9         |
|5.471  |20,32     |
|5.472  |18,75     |
|5.473  |18        |
|5.476  |21,7143   |
|5.477  |17        |
|5.478  |8         |
|5.479  |13        |
|5.480  |6         |
|5.481  |18,28     |
|5.482  |13,5      |
|5.483  |15        |
|5.484  |29        |
|5.486  |17,28     |
|5.487  |22,2222   |
|5.488  |8         |
|5.491  |14,4286   |
|5.492  |17,8      |
|5.493  |29        |
|5.496  |18,5      |
|5.497  |22,6      |
|5.498  |29,5      |
|5.501  |14,45     |
|5.502  |23,75     |
|5.506  |16,8696   |
|5.507  |9         |
|5.508  |15,5      |
|5.509  |18        |
|5.511  |18,7778   |
|5.512  |15,25     |
|5.516  |18,7143   |
|5.517  |23        |
|5.521  |15,9355   |
|5.522  |23,25     |
|5.523  |15        |
|5.526  |17,3043   |
|5.527  |16,5      |
|5.528  |24,3333   |
|5.531  |17,5217   |
|5.532  |16,5      |
|5.533  |10        |
|5.536  |19,1613   |
|5.537  |17,5      |
|5.541  |20,2778   |
|5.542  |14,5      |
|5.543  |17        |
|5.546  |20,963    |
|5.547  |16,6667   |
|5.548  |30        |
|5.551  |14,5294   |
|5.552  |14,6667   |
|5.553  |13        |
|5.554  |20        |
|5.556  |22,2609   |
|5.557  |22,6      |
|5.561  |18,75     |
|5.562  |21,5      |
|5.563  |5         |
|5.566  |19,8947   |
|5.567  |19,3333   |
|5.568  |19        |
|5.571  |19,3684   |
|5.572  |12,4      |
|5.573  |15,6667   |
|5.574  |30        |
|5.576  |17        |
|5.577  |14,875    |
|5.578  |18,5      |
|5.579  |14        |
|5.581  |16,4444   |
|5.582  |18,2727   |
|5.583  |16,5      |
|5.584  |13        |
|5.585  |9         |
|5.586  |15,5814   |
|5.587  |15        |
|5.588  |20,3333   |
|5.589  |21        |
|5.591  |18,2      |
|5.592  |19,9      |
|5.593  |13        |
|5.596  |18,8182   |
|5.597  |19        |
|5.598  |13        |
|5.599  |12        |
|5.601  |19,871    |
|5.602  |14,6667   |
|5.606  |18,75     |
|5.607  |25,1667   |
|5.608  |24        |
|5.611  |13,3571   |
|5.612  |15,1538   |
|5.613  |13        |
|5.616  |18,8519   |
|5.617  |16,6667   |
|5.618  |9         |
|5.621  |17,4286   |
|5.622  |13,8      |
|5.623  |10        |
|5.624  |11        |
|5.626  |19,9565   |
|5.627  |18        |
|5.628  |15,5      |
|5.631  |16        |
|5.632  |18,7778   |
|5.633  |11,5      |
|5.634  |22        |
|5.636  |18,9545   |
|5.637  |15,4286   |
|5.638  |13,6667   |
|5.641  |21,5641   |
|5.642  |21,8      |
|5.646  |17,875    |
|5.647  |17,2      |
|5.648  |22        |
|5.651  |17,9778   |
|5.652  |17,4      |
|5.653  |14        |
|5.656  |19,9524   |
|5.657  |16,9091   |
|5.658  |14,3333   |
|5.659  |21        |
|5.661  |16,9688   |
|5.662  |16,375    |
|5.663  |16        |
|5.666  |17,04     |
|5.667  |23        |
|5.668  |18        |
|5.671  |18,4815   |
|5.672  |17        |
|5.673  |19,5      |
|5.674  |14        |
|5.675  |21        |
|5.676  |18,3182   |
|5.677  |15,4      |
|5.678  |20        |
|5.681  |20,25     |
|5.682  |20,6667   |
|5.683  |12        |
|5.684  |11        |
|5.686  |19,5357   |
|5.687  |16,2857   |
|5.688  |14,5      |
|5.689  |11        |
|5.691  |21        |
|5.692  |3         |
|5.696  |15,1739   |
|5.697  |19,1429   |
|5.698  |8,5       |
|5.699  |3         |
|5.700  |16        |
|5.701  |16,7241   |
|5.702  |8,5       |
|5.703  |3         |
|5.704  |32        |
|5.706  |17,8485   |
|5.707  |18,5      |
|5.708  |30,5      |
|5.711  |17,4138   |
|5.712  |20,8571   |
|5.713  |17,6667   |
|5.716  |20,24     |
|5.717  |19,4      |
|5.718  |20,5      |
|5.719  |14        |
|5.721  |19,087    |
|5.722  |14        |
|5.723  |19        |
|5.726  |18,3913   |
|5.727  |16,2857   |
|5.728  |16,5      |
|5.729  |17,5      |
|5.730  |8         |
|5.731  |17,8947   |
|5.732  |18,6      |
|5.733  |23        |
|5.736  |16,6667   |
|5.737  |18        |
|5.738  |7         |
|5.741  |17,75     |
|5.742  |17        |
|5.743  |19        |
|5.746  |19,5      |
|5.747  |23,25     |
|5.748  |15        |
|5.749  |30        |
|5.751  |19,8095   |
|5.752  |19,1667   |
|5.753  |22        |
|5.756  |17,88     |
|5.757  |15        |
|5.758  |26        |
|5.761  |13,1429   |
|5.762  |16,5      |
|5.763  |18        |
|5.766  |13,3333   |
|5.767  |16,75     |
|5.771  |16,1111   |
|5.772  |20,3333   |
|5.776  |12        |
|5.777  |11        |
|5.781  |13        |
|5.782  |15        |
|5.786  |15,125    |
|5.787  |8         |
|5.788  |8         |
|5.789  |17,5      |
|5.790  |16        |
|5.791  |19,825    |
|5.792  |24,8      |
|5.796  |18,5366   |
|5.797  |20,0909   |
|5.798  |9,6667    |
|5.799  |22        |
|5.801  |18,0556   |
|5.802  |18,3333   |
|5.803  |11,5      |
|5.804  |12        |
|5.805  |33        |
|5.806  |15,9032   |
|5.807  |19,7692   |
|5.808  |18        |
|5.811  |15,2632   |
|5.812  |16,25     |
|5.813  |3         |
|5.816  |20,5429   |
|5.817  |18,2      |
|5.818  |11,5      |
|5.821  |19,1875   |
|5.822  |20,4615   |
|5.823  |32        |
|5.826  |16,6364   |
|5.827  |19,4545   |
|5.828  |25        |
|5.831  |17,1304   |
|5.832  |15,5      |
|5.833  |29,5      |
|5.836  |15,6      |
|5.837  |29        |
|5.841  |20,2273   |
|5.842  |10,75     |
|5.843  |19        |
|5.844  |33        |
|5.846  |16,75     |
|5.847  |15,1667   |
|5.848  |21,3333   |
|5.849  |19        |
|5.851  |13,3158   |
|5.852  |15,5      |
|5.853  |21,5      |
|5.856  |15,3214   |
|5.857  |18,6      |
|5.858  |24        |
|5.861  |14,5238   |
|5.862  |12,8571   |
|5.863  |11        |
|5.866  |22,1429   |
|5.867  |19,6667   |
|5.868  |29        |
|5.871  |13        |
|5.872  |16,3333   |
|5.873  |16        |
|5.874  |27        |
|5.876  |17,4545   |
|5.877  |8,6667    |
|5.878  |19        |
|5.881  |23,8889   |
|5.882  |22        |
|5.886  |17,2143   |
|5.887  |15,6667   |
|5.888  |18        |
|5.891  |18,625    |
|5.892  |6,5       |
|5.896  |23,1      |
|5.897  |22        |
|5.901  |14,625    |
|5.902  |16        |
|5.903  |32        |
|5.906  |18,3182   |
|5.907  |22,3333   |
|5.911  |19,5294   |
|5.912  |20,8      |
|5.913  |12,5      |
|5.914  |6,5       |
|5.915  |26        |
|5.916  |18,5      |
|5.917  |23,4      |
|5.921  |22,0278   |
|5.922  |21,3333   |
|5.923  |8         |
|5.926  |18,3421   |
|5.927  |17,7      |
|5.928  |19        |
|5.929  |26        |
|5.931  |18,9565   |
|5.932  |15,5      |
|5.933  |10        |
|5.934  |31        |
|5.936  |18,8571   |
|5.937  |19,75     |
|5.938  |24,5      |
|5.941  |18,7727   |
|5.942  |14,2      |
|5.943  |26        |
|5.946  |18,5217   |
|5.947  |14,6667   |
|5.948  |14        |
|5.949  |16,5      |
|5.950  |11        |
|5.951  |15,5769   |
|5.952  |19,625    |
|5.953  |22,25     |
|5.956  |21,2857   |
|5.957  |30        |
|5.961  |16,2105   |
|5.962  |14,5      |
|5.963  |31,5      |
|5.966  |16,9      |
|5.967  |25,2857   |
|5.971  |17,0889   |
|5.972  |17,2222   |
|5.973  |20,5      |
|5.976  |19,7391   |
|5.977  |18,4      |
|5.978  |25        |
|5.981  |18,8864   |
|5.982  |20,5455   |
|5.983  |17,5      |
|5.984  |11        |
|5.985  |8         |
|5.986  |18,9545   |
|5.987  |20,5      |
|5.991  |19,1277   |
|5.992  |19,6364   |
|5.993  |6         |
|5.994  |18        |
|5.996  |15,6286   |
|5.997  |16,6364   |
|5.998  |14,6667   |
|5.999  |28,5      |
|6.001  |16,1515   |
|6.002  |15,3636   |
|6.003  |14,5      |
|6.004  |25        |
|6.006  |21,5      |
|6.007  |23,8      |
|6.011  |19,1944   |
|6.012  |18        |
|6.013  |25,5      |
|6.016  |21,1786   |
|6.017  |14,6      |
|6.018  |24        |
|6.021  |18,2857   |
|6.022  |12,2222   |
|6.023  |32        |
|6.026  |18,1667   |
|6.027  |21        |
|6.028  |17        |
|6.029  |8         |
|6.030  |26        |
|6.031  |16,6286   |
|6.032  |22,1111   |
|6.033  |22        |
|6.036  |17,3125   |
|6.037  |23,2222   |
|6.041  |24,75     |
|6.046  |17,375    |
|6.047  |17,6667   |
|6.048  |5         |
|6.051  |20,25     |
|6.056  |20,8462   |
|6.057  |27        |
|6.061  |19,2857   |
|6.062  |23,2      |
|6.063  |24        |
|6.066  |18,7857   |
|6.067  |17        |
|6.068  |24        |
|6.071  |12,3333   |
|6.072  |9         |
|6.076  |15,6      |
|6.077  |19,8571   |
|6.081  |16,5278   |
|6.082  |20        |
|6.083  |16,3333   |
|6.084  |23        |
|6.086  |17,4688   |
|6.087  |19,25     |
|6.088  |9         |
|6.089  |30        |
|6.091  |18,5789   |
|6.092  |14,25     |
|6.093  |13,3333   |
|6.094  |11        |
|6.095  |6         |
|6.096  |20        |
|6.097  |22        |
|6.098  |33        |
|6.101  |17,0286   |
|6.102  |17,2857   |
|6.103  |14,6      |
|6.104  |10,3333   |
|6.106  |15,8387   |
|6.107  |12,625    |
|6.108  |28        |
|6.111  |17,9375   |
|6.112  |16,4      |
|6.113  |31        |
|6.116  |21,6818   |
|6.117  |13        |
|6.118  |13        |
|6.119  |23        |
|6.121  |16,8696   |
|6.122  |25,3333   |
|6.123  |29        |
|6.126  |16,1364   |
|6.127  |20        |
|6.128  |30        |
|6.131  |17,7273   |
|6.132  |14,3333   |
|6.133  |9         |
|6.136  |16,9545   |
|6.137  |21        |
|6.138  |23        |
|6.141  |19,5238   |
|6.142  |19        |
|6.146  |15,7273   |
|6.147  |12,75     |
|6.148  |28        |
|6.151  |17,7143   |
|6.152  |12,8333   |
|6.153  |20,5      |
|6.156  |15,5      |
|6.157  |17,5      |
|6.158  |24,6667   |
|6.161  |24,25     |
|6.166  |17,3333   |
|6.167  |8         |
|6.171  |14,75     |
|6.172  |16,5      |
|6.173  |31        |
|6.176  |19,125    |
|6.181  |18,3846   |
|6.182  |18        |
|6.186  |13,9091   |
|6.187  |21        |
|6.191  |20,3571   |
|6.192  |13,6667   |
|6.196  |18,9      |
|6.197  |19,5      |
|6.201  |17        |
|6.202  |12,25     |
|6.203  |22        |
|6.206  |16,9722   |
|6.207  |22,2      |
|6.211  |21,0556   |
|6.212  |15        |
|6.213  |20,75     |
|6.214  |20        |
|6.216  |17,3333   |
|6.217  |18,3077   |
|6.218  |14        |
|6.219  |15        |
|6.221  |18,8889   |
|6.222  |11,5      |
|6.223  |15        |
|6.226  |17,7857   |
|6.227  |13,5      |
|6.228  |14,25     |
|6.229  |19,5      |
|6.230  |5         |
|6.231  |16,8182   |
|6.232  |17        |
|6.233  |18        |
|6.236  |20,3667   |
|6.237  |13        |
|6.238  |21        |
|6.241  |18,4      |
|6.242  |13,1667   |
|6.243  |8,6667    |
|6.244  |13        |
|6.246  |19,8182   |
|6.247  |4,3333    |
|6.248  |14,3333   |
|6.249  |6         |
|6.250  |26        |
|6.251  |18,6522   |
|6.252  |16,7143   |
|6.256  |15,5789   |
|6.257  |14,6667   |
|6.258  |11,5      |
|6.261  |17,7      |
|6.262  |17        |
|6.263  |4         |
|6.266  |17,7917   |
|6.267  |11,125    |
|6.268  |32        |
|6.271  |18,48     |
|6.272  |20,1429   |
|6.273  |28        |
|6.276  |17,6522   |
|6.277  |23,7778   |
|6.278  |23        |
|6.279  |7         |
|6.280  |21        |
|6.281  |20        |
|6.282  |8,5       |
|6.286  |16,8824   |
|6.287  |15,7143   |
|6.288  |10        |
|6.289  |11        |
|6.290  |21,6667   |
|6.291  |15,1026   |
|6.292  |18,9286   |
|6.293  |29,5      |
|6.296  |16,9487   |
|6.297  |15,4      |
|6.298  |19        |
|6.301  |14,5625   |
|6.302  |21,9      |
|6.303  |29        |
|6.306  |16,5588   |
|6.307  |18,3333   |
|6.311  |16,7838   |
|6.312  |18        |
|6.313  |28        |
|6.316  |16        |
|6.317  |15,6667   |
|6.318  |20,5      |
|6.319  |30        |
|6.321  |17,381    |
|6.322  |18,8333   |
|6.326  |17,4286   |
|6.327  |17,4      |
|6.328  |28        |
|6.331  |17,7857   |
|6.332  |20        |
|6.333  |13        |
|6.334  |26        |
|6.336  |19,4211   |
|6.337  |10,5      |
|6.338  |16        |
|6.339  |13        |
|6.341  |18,5714   |
|6.342  |19,3333   |
|6.346  |17,4211   |
|6.347  |17,5      |
|6.348  |18        |
|6.349  |11        |
|6.351  |20,9474   |
|6.352  |17,5      |
|6.353  |14        |
|6.354  |10        |
|6.356  |16,375    |
|6.357  |19,75     |
|6.358  |14,3333   |
|6.361  |16,2      |
|6.362  |16,7      |
|6.363  |23,6667   |
|6.366  |20,7      |
|6.367  |13,5      |
|6.368  |33        |
|6.371  |17,0606   |
|6.372  |16        |
|6.373  |20        |
|6.376  |17,2895   |
|6.377  |19,3636   |
|6.378  |15        |
|6.379  |26        |
|6.381  |15,6875   |
|6.382  |19,3636   |
|6.383  |20,5      |
|6.386  |14,9714   |
|6.387  |20        |
|6.388  |33        |
|6.391  |17,4211   |
|6.392  |13,3636   |
|6.393  |23,6      |
|6.396  |17,1613   |
|6.397  |17,5833   |
|6.398  |18,75     |
|6.399  |16        |
|6.401  |18,4286   |
|6.402  |26        |
|6.403  |22        |
|6.406  |15,125    |
|6.407  |21,1429   |
|6.408  |12        |
|6.409  |24        |
|6.411  |17,3333   |
|6.412  |24,8333   |
|6.416  |18,04     |
|6.417  |14        |
|6.418  |32        |
|6.421  |17,0455   |
|6.422  |15,25     |
|6.423  |9         |
|6.426  |17,65     |
|6.427  |18,375    |
|6.428  |29        |
|6.431  |18,9643   |
|6.432  |15,4286   |
|6.433  |9,3333    |
|6.434  |21        |
|6.436  |16,3448   |
|6.437  |19,5556   |
|6.438  |6         |
|6.439  |13        |
|6.440  |4         |
|6.441  |17,5667   |
|6.442  |13,1111   |
|6.443  |18,75     |
|6.446  |15,931    |
|6.447  |17,75     |
|6.448  |22        |
|6.449  |18        |
|6.451  |17,1923   |
|6.452  |11,6      |
|6.453  |25,5      |
|6.456  |18,1071   |
|6.457  |18,5556   |
|6.458  |16,5      |
|6.459  |10        |
|6.461  |16,6765   |
|6.462  |17,4545   |
|6.463  |17,2      |
|6.466  |19,0741   |
|6.467  |13,6667   |
|6.468  |8         |
|6.469  |18,6667   |
|6.470  |32        |
|6.471  |21,1111   |
|6.476  |18,6316   |
|6.477  |13,5      |
|6.478  |9         |
|6.479  |12        |
|6.481  |16,5909   |
|6.482  |16        |
|6.483  |16,3333   |
|6.486  |17,7143   |
|6.487  |24,75     |
|6.491  |14,875    |
|6.492  |18        |
|6.493  |10,3333   |
|6.496  |14,7857   |
|6.497  |16,25     |
|6.498  |27        |
|6.501  |17,8571   |
|6.502  |11,5      |
|6.503  |29        |
|6.506  |17,5294   |
|6.507  |14        |
|6.508  |16,6667   |
|6.509  |15        |
|6.511  |17,9737   |
|6.512  |21,8      |
|6.513  |21        |
|6.516  |18,9773   |
|6.517  |16,8571   |
|6.518  |22,6667   |
|6.519  |24        |
|6.521  |16,4884   |
|6.522  |22,1667   |
|6.523  |23        |
|6.526  |18,2188   |
|6.527  |19,1818   |
|6.528  |29        |
|6.531  |18,4286   |
|6.532  |19,8333   |
|6.533  |11        |
|6.534  |6         |
|6.536  |20,4828   |
|6.537  |18,8333   |
|6.538  |15,6667   |
|6.539  |29        |
|6.541  |15,5625   |
|6.542  |14,2857   |
|6.543  |7         |
|6.544  |20,5      |
|6.546  |18,1463   |
|6.547  |15,0909   |
|6.548  |21,2      |
|6.549  |25        |
|6.551  |19,7111   |
|6.552  |15,6923   |
|6.553  |23,6667   |
|6.554  |6         |
|6.555  |19        |
|6.556  |16,5      |
|6.557  |15,2857   |
|6.558  |22,3333   |
|6.561  |19,9615   |
|6.562  |18,1667   |
|6.563  |9         |
|6.566  |14,3043   |
|6.567  |12,7778   |
|6.568  |16,5      |
|6.569  |6         |
|6.570  |14        |
|6.571  |19,9524   |
|6.576  |13,8571   |
|6.577  |13,3333   |
|6.578  |3         |
|6.581  |19,1111   |
|6.582  |20,2857   |
|6.583  |22        |
